2
UM_4 2.1269 143.8455 22.3685 0.224518 -0.307277 0.924755
UM_5 1.5351 143.8455 22.3685 0.224518 -0.307277 0.924755
UM_6 0.8970 143.8455 22.3685 0.224518 -0.307277 0.924755
UM_7 1.8403 143.8455 22.3685 0.224518 -0.307277 0.924755
UM_8 1.5628 143.8455 22.3685 0.224518 -0.307277 0.924755
UM_9 0.6011 143.8455 22.3685 0.224518 -0.307277 0.924755
UM_10 0.5733 143.8455 22.3685 0.224518 -0.307277 0.924755
UM_11 0.2312 143.8455 22.3685 0.224518 -0.307277 0.924755
UM_12 0.8693 143.8455 22.3685 0.224518 -0.307277 0.924755
UM_13 0.3329 143.8455 22.3685 0.224518 -0.307277 0.924755
UM_14 0.4624 143.8455 22.3685 0.224518 -0.307277 0.924755

