2
UM_1  1.4293    154.939  21.346   0.154183  -0.329736  0.931398
UM_2  1.2294    154.939  21.346   0.154183  -0.329736  0.931398
UM_3  2.0583    154.939  21.346   0.154183  -0.329736  0.931398
UM_4  1.2854    154.939  21.346   0.154183  -0.329736  0.931398
UM_5  2.1422    154.939  21.346   0.154183  -0.329736  0.931398
UM_6  1.5461    154.939  21.346   0.154183  -0.329736  0.931398
UM_7  0.9035    154.939  21.346   0.154183  -0.329736  0.931398
UM_8  1.8535    154.939  21.346   0.154183  -0.329736  0.931398
UM_9  1.5741    154.939  21.346   0.154183  -0.329736  0.931398
UM_10  0.7265    154.939  21.346   0.154183  -0.329736  0.931398
UM_11  0.3633    154.939  21.346   0.154183  -0.329736  0.931398
UM_12  0.3260    154.939  21.346   0.154183  -0.329736  0.931398
UM_13  0.8755    154.939  21.346   0.154183  -0.329736  0.931398
UM_14  0.3536    154.939  21.346   0.154183  -0.329736  0.931398
UM_15  0.8    154.939  21.346   0.154183  -0.329736  0.931398
