1
UM_4 61506.6526 9578.3953 908.0014 143.8455 22.3685 0.224518 -0.307277 0.924755
UM_5 61507.1301 9577.7417 909.9683 143.8455 22.3685 0.224518 -0.307277 0.924755
UM_6 61507.4748 9577.2700 911.3879 143.8455 22.3685 0.224518 -0.307277 0.924755
UM_7 61507.6762 9576.9944 912.2174 143.8455 22.3685 0.224518 -0.307277 0.924755
UM_8 61508.0894 9576.4289 913.9192 143.8455 22.3685 0.224518 -0.307277 0.924755
UM_9 61508.4402 9575.9487 915.3644 143.8455 22.3685 0.224518 -0.307277 0.924755
UM_10 61508.5752 9575.7640 915.9203 143.8455 22.3685 0.224518 -0.307277 0.924755
UM_11 61508.7039 9575.5878 916.4505 143.8455 22.3685 0.224518 -0.307277 0.924755
UM_12 61508.7558 9575.5168 916.6643 143.8455 22.3685 0.224518 -0.307277 0.924755
UM_13 61508.9510 9575.2497 917.4682 143.8455 22.3685 0.224518 -0.307277 0.924755
UM_14 61509.0257 9575.1474 917.7760 143.8455 22.3685 0.224518 -0.307277	0.924755
UM_15 61509.1296 9575.0053 918.2036 143.8455 22.3685 0.224518 -0.307277	0.924755