61471.2133    9548.5673     914.7039      0.9638        0.2646        0.0332        74.65         88.10         6.0943        0.5951         422           8223         0.0060        0.4561        0.2053        0.1584        Set1
61471.5199    9548.8476     914.5479      0.9755        -0.0320       0.2178        91.88         77.42         5.3027        0.7777         2983          8236         0.0132        0.8532        0.3993        0.4752        Set1
61471.6283    9547.9521     912.4883      0.9358        -0.1384       0.3243        98.41         71.08         5.2254        1.1389         1000          8241         0.0075        0.4325        0.3778        0.2016        Set1
61471.7499    9547.6579     912.0397      0.9800        0.1413        0.1398        81.79         81.97         3.6880        0.7234         3235          8259         0.0144        0.3543        0.5134        0.2016        Set1
61472.3545    9549.7119     913.9128      0.9513        -0.0015       0.3084        90.09         72.04         4.0727        0.0378         11477         8283         0.0236        1.0187        0.9843        1.1376        Set1
61472.6132    9550.2895     914.4798      -0.9726       -0.2295       0.0377        256.72        87.84         4.9502        0.2587         1386          8325         0.0101        0.5752        0.4627        0.3456        Set1
61472.8100    9549.5621     913.1376      0.8584        -0.0195       0.5127        91.30         59.16         5.8973        0.8967         1370          8339         0.0055        0.4927        0.1396        0.1584        Set1
61472.7260    9550.5852     914.0823      -0.9565       -0.2234       0.1875        256.85        79.19         5.0915        0.1742         1320          8344         0.0065        0.4386        0.3054        0.1728        Set1
61473.2788    9549.3973     912.3070      0.9595        0.0578        0.2757        86.56         74.00         4.5878        1.4275         11342         8365         0.0248        0.7150        0.9296        0.5472        Set1
61473.6099    9549.5979     911.5637      0.9842        -0.1382       0.1104        97.99         83.66         5.8961        0.3519         4945          8402         0.0087        0.6599        0.7568        0.4320        Set1
61473.9446    9550.0470     911.3792      0.8375        -0.3037       0.4542        109.93        62.99         5.2048        0.3419         1362          8423         0.0093        0.5238        0.4124        0.3312        Set1
61474.1828    9550.3114     912.1311      0.9642        -0.2131       0.1579        102.46        80.92         6.0190        0.3963         11645         8440         0.0143        0.7614        1.6146        1.1232        Set1
61474.5416    9551.7251     913.4457      0.9871        0.1363        0.0835        82.14         85.21         5.9548        1.3774         1263          8468         0.0106        0.9143        0.2021        0.3744        Set1
61474.8400    9550.7697     912.5848      -0.9920       0.0178        0.1253        271.03        82.80         4.7822        1.7514         611           8481         0.0078        0.3484        0.3170        0.1584        Set1
61475.1422    9552.9683     913.7052      0.9829        -0.1043       0.1520        96.06         81.26         4.8443        1.1363         1592          8490         0.0143        0.7881        0.3030        0.4176        Set1
61475.2732    9553.0895     913.4888      0.9876        -0.1237       0.0964        97.14         84.47         4.6975        0.7975         1336          8509         0.0108        0.5651        0.2575        0.2160        Set1
61475.6926    9551.9783     912.6978      0.9063        -0.0918       0.4125        95.78         65.64         4.4365        0.9991         5970          8519         0.0314        1.4069        0.6452        0.9360        Set1
61475.6191    9551.5968     912.7354      0.9922        0.0705        0.1032        85.94         84.08         4.4605        0.6982         2123          8526         0.0129        0.6174        0.3062        0.3168        Set1
61475.6552    9551.5641     911.3462      0.9535        -0.2996       0.0340        107.44        88.05         5.6256        0.8976         3461          8529         0.0130        0.3436        1.1553        0.3600        Set1
61476.1154    9553.8007     912.9420      -0.8785       0.1437        0.4555        279.29        62.90         5.2736        0.2947         1053          8565         0.0093        0.8384        0.4430        0.5040        Set1
61476.0315    9553.2205     912.5066      0.9948        0.0519        0.0873        87.01         84.99         5.6056        0.8373         294           8581         0.0069        0.4978        0.2223        0.1728        Set1
61476.1515    9553.2189     911.9829      0.9936        0.0295        0.1090        88.30         83.74         4.5032        0.5674         964           8606         0.0172        0.4189        0.8583        0.4032        Set1
61476.3157    9552.3891     911.5993      0.9693        -0.2267       0.0954        103.17        84.53         4.1629        0.6178         1221          8619         0.0098        0.2326        0.4367        0.1584        Set1
61476.5134    9552.7164     911.0442      0.9440        -0.0886       0.3177        95.36         71.48         3.9348        0.5275         277           8661         0.0081        0.3101        0.3320        0.1584        Set1
61476.5779    9552.4580     910.8217      0.9914        -0.1279       0.0271        97.35         88.44         4.6405        0.1933         789           8680         0.0077        0.3857        0.2859        0.1728        Set1
61476.6533    9554.1416     912.2918      -0.9740       -0.2129       0.0779        257.67        85.53         4.5252        0.5755         430           8706         0.0123        0.3401        0.5978        0.2448        Set1
61476.7419    9554.6380     913.2759      -0.9794       -0.1624       0.1201        260.59        83.10         5.6961        0.4837         646           8720         0.0065        0.5357        0.2404        0.2160        Set1
61477.7480    9554.0067     911.0471      0.8331        -0.3403       0.4360        112.22        64.15         3.7443        1.6021         567           8764         0.0252        0.5083        0.5347        0.2880        Set1
61478.0023    9555.9646     913.5879      0.9046        -0.3058       0.2971        108.68        72.72         4.4067        0.3670         627           8782         0.0126        0.5875        0.4157        0.3024        Set1
61478.7088    9556.4903     912.3104      0.9905        -0.0524       0.1275        93.03         82.68         5.7116        0.3745         4261          8851         0.0139        1.1343        1.0587        0.9648        Set1
61478.7855    9557.0626     913.5036      -0.9428       0.2043        0.2635        282.23        74.72         3.9088        0.6417         214           8858         0.0133        0.3804        0.2401        0.1584        Set1
61478.9215    9557.0267     913.1219      0.9487        -0.1224       0.2916        97.35         73.04         4.4614        0.3757         668           8868         0.0112        0.4087        0.5314        0.2448        Set1
61478.9045    9557.0877     912.2716      0.9608        0.1802        0.2106        79.38         77.84         4.7829        3.5593         210           8871         0.0121        0.3555        0.4884        0.1584        Set1
61479.0420    9555.1956     910.8501      0.8496        -0.0987       0.5181        96.62         58.80         4.2978        0.0274         533           8878         0.0106        0.4034        0.3473        0.2304        Set1
61479.3177    9557.6901     913.4040      0.9902        0.0090        0.1390        89.48         82.01         4.8800        1.1402         1381          8895         0.0167        0.9296        0.5454        0.5760        Set1
61479.6279    9556.2765     911.1541      0.9182        0.1236        0.3762        82.33         67.90         5.4689        0.1520         2593          8902         0.0160        1.2825        0.8638        0.9792        Set1
61479.7781    9556.3983     910.6666      0.9731        0.1251        0.1936        82.67         78.84         4.7844        0.1661         411           8938         0.0069        0.3685        0.3607        0.1728        Set1
61479.8245    9557.9873     912.4597      -0.9870       -0.1249       0.1013        262.79        84.19         6.0071        0.4907         297           8945         0.0056        0.2731        0.5978        0.2016        Set1
61479.8924    9557.9286     913.1135      -0.9973       -0.0693       0.0237        266.02        88.64         5.5631        0.9120         774           8957         0.0073        0.5263        0.2502        0.1872        Set1
61480.3737    9558.1879     912.4512      -0.9940       -0.0980       0.0480        264.37        87.25         4.7105        0.3515         3639          8979         0.0177        0.6380        0.8100        0.5472        Set1
61480.4376    9558.9711     913.5438      0.9279        -0.1678       0.3329        100.25        70.56         4.9495        1.0662         364           8993         0.0075        0.4085        0.1758        0.1584        Set1
61480.5684    9559.1135     913.3616      0.9463        -0.2002       0.2538        101.95        75.30         3.9776        0.2097         312           9008         0.0128        0.4253        0.3807        0.1872        Set1
61480.7432    9559.7231     913.5689      -0.9620       0.0773        0.2618        274.59        74.82         3.4877        0.2366         845           9037         0.0112        0.4340        0.2689        0.1872        Set1
61481.0110    9558.1952     911.3238      0.9631        -0.1260       0.2377        97.45         76.25         3.4673        0.3379         4076          9048         0.0397        1.1770        0.8375        0.9072        Set1
61481.2408    9559.5220     912.5543      0.9928        0.0545        0.1069        86.86         83.86         3.9826        0.0782         6610          9072         0.0216        1.0106        0.6829        0.7488        Set1
61481.5005    9559.0855     911.6687      0.9893        -0.0476       0.1381        92.75         82.06         5.8274        0.6156         4838          9100         0.0129        1.1376        0.5395        0.6768        Set1
61482.0711    9560.3189     912.5642      0.9764        0.1849        0.1120        79.27         83.57         3.6497        1.3781         2634          9132         0.0236        0.4933        0.5688        0.2880        Set1
61483.0282    9560.8894     912.3207      0.9974        0.0714        0.0067        85.90         89.61         4.7072        0.2976         2363          9187         0.0078        0.3967        0.2642        0.1728        Set1
61483.3512    9560.2552     910.3208      0.9429        -0.2755       0.1872        106.29        79.21         4.9399        0.8182         2037          9199         0.0118        0.6064        0.2885        0.2448        Set1
61483.4958    9560.9617     911.8567      0.9544        -0.1520       0.2570        99.05         75.11         5.9945        0.9218         8811          9207         0.0126        1.2000        0.3836        0.6912        Set1
61483.5241    9561.6323     912.6950      0.9942        -0.0750       0.0768        94.31         85.60         3.9625        0.0986         4235          9230         0.0171        0.6173        0.6885        0.4752        Set1
61483.7999    9561.3693     911.7104      0.9320        -0.1456       0.3318        98.88         70.62         5.3138        1.0623         2585          9245         0.0096        0.6533        0.1766        0.2016        Set1
61484.1616    9562.1093     912.6372      -0.9884       -0.0861       0.1247        265.02        82.83         5.0836        0.2517         5597          9263         0.0141        0.9839        0.6234        0.7200        Set1
61484.2267    9561.9101     911.8038      0.9569        -0.2411       0.1619        104.14        80.68         4.6203        0.3964         819           9265         0.0086        0.4610        0.2551        0.1872        Set1
61484.3455    9561.4763     911.1985      -0.9992       -0.0401       0.0043        267.70        89.76         4.7849        0.8073         2846          9280         0.0113        0.6003        0.2034        0.2592        Set1
61485.4859    9563.6031     912.8650      -0.9346       0.1474        0.3238        278.96        71.11         4.8260        0.0754         2941          9365         0.0100        0.4888        0.5325        0.3888        Set1
61486.7006    9563.8338     912.2947      0.9360        0.1707        0.3079        79.67         72.06         5.3026        0.2288         1096          9423         0.0059        0.4615        0.2474        0.1728        Set1
61490.3764    9565.4767     911.3884      0.9380        -0.2094       0.2764        102.58        73.95         4.7987        0.2996         2085          9555         0.0090        0.4338        0.4244        0.2160        Set1
61490.6541    9566.2156     911.2390      0.9408        -0.1528       0.3025        99.23         72.39         5.1056        0.1114         19166         9574         0.0199        1.0715        1.1408        1.2240        Set1
61470.8504    9548.3911     914.3060      0.6866        0.7003        0.1952        44.43         78.74         7.2515        1.4407         867           3262         0.0051        0.1717        0.8765        0.3168        Set2
61474.4550    9550.6019     912.1491      0.5308        0.8475        0.0001        32.06         90.00         6.1539        1.3148         4082          3288         0.0152        0.7689        1.3769        0.6912        Set2
61476.0633    9553.4765     911.8848      0.5990        0.7970        0.0779        36.93         85.53         5.6006        0.7544         418           3304         0.0084        0.4602        0.5327        0.2448        Set2
61476.3219    9552.9020     911.8133      0.6195        0.7268        0.2966        40.44         72.75         5.8213        0.3041         412           3312         0.0052        0.3338        0.4603        0.2016        Set2
61478.8384    9557.1944     912.2948      0.6959        0.6972        0.1722        44.95         80.09         5.7955        0.3977         386           3338         0.0060        0.4211        0.5094        0.2304        Set2
61479.0844    9557.3720     913.3429      -0.5275       -0.7481       0.4025        215.19        66.27         4.5328        0.3717         551           3342         0.0086        0.3642        0.3343        0.1728        Set2
61479.9873    9557.8536     912.3662      0.4811        0.8410        0.2475        29.77         75.67         3.1794        1.3328         2193          3364         0.0401        0.5704        0.9254        0.5040        Set2
61482.4084    9560.6636     912.5986      -0.2778       -0.7442       0.6075        200.47        52.59         4.9810        0.5543         1635          3398         0.0132        0.5467        0.6514        0.4320        Set2
61488.3091    9564.2457     911.5448      0.5528        0.8186        0.1561        34.03         81.02         6.5348        0.4562         5509          3526         0.0098        1.3724        0.6312        0.9216        Set2
61490.9288    9566.5792     910.9779      0.5975        0.7730        0.2129        37.70         77.71         7.3258        0.5144         7733          3569         0.0080        0.8292        1.5373        0.8352        Set2
61470.7839    9548.3600     914.3967      -0.8624       0.3972        0.3138        294.73        71.71         5.1427        23.1119        350           4102         0.0106        0.0947        0.7072        0.2304        Set3
61471.6396    9547.4546     912.2765      0.5712        -0.8140       0.1054        144.94        83.95         4.2670        0.6980         11915         4126         0.0308        0.9809        1.2816        1.0368        Set3
61471.4711    9548.3066     913.0207      0.7717        -0.4198       0.4778        118.55        61.46         4.8815        0.3350         1397          4143         0.0072        0.4219        0.2326        0.1584        Set3
61471.5260    9549.3674     914.8521      0.6951        -0.5497       0.4632        128.34        62.41         5.3735        0.8328         262           4152         0.0094        0.5870        0.3115        0.2304        Set3
61472.2952    9548.4347     912.3580      0.5729        -0.6794       0.4586        139.86        62.71         5.7544        0.3704         17397         4155         0.0308        2.2510        1.7088        2.8368        Set3
61471.8138    9547.2527     911.3444      0.7413        -0.5128       0.4329        124.67        64.35         3.0562        1.7184         926           4158         0.0207        0.3088        0.3458        0.1584        Set3
61472.3255    9549.1258     913.8757      -0.9862       0.1454        0.0789        278.39        85.48         5.0218        1.8815         950           4194         0.0220        0.3032        0.9548        0.4032        Set3
61472.4542    9549.9734     913.7005      0.8198        -0.3510       0.4525        113.18        63.10         4.7232        0.3585         1345          4203         0.0144        0.7127        0.6131        0.4464        Set3
61473.1090    9549.1224     912.2057      0.6707        -0.7259       0.1526        137.26        81.22         4.7015        0.2326         23906         4219         0.0308        1.5022        1.4738        1.7568        Set3
61473.0026    9550.6793     913.7363      -0.7839       0.5801        0.2213        306.50        77.22         3.0489        3.0157         2841          4248         0.0306        0.9359        0.2841        0.3024        Set3
61473.0963    9548.5048     911.2357      0.8770        -0.1973       0.4381        102.68        64.02         2.9417        0.7973         244           4262         0.0189        0.3972        0.3066        0.1584        Set3
61473.3843    9549.8436     912.8822      0.5906        -0.4961       0.6365        130.03        50.47         3.5446        1.2970         5793          4275         0.0510        0.9327        0.8477        0.7632        Set3
61473.4085    9551.2657     913.9071      0.6276        -0.6775       0.3835        137.19        67.45         4.2136        0.6033         742           4286         0.0159        0.7181        0.4606        0.3744        Set3
61473.5658    9550.5043     913.2691      -0.6093       0.6723        0.4204        317.81        65.14         3.3120        13.2620        1247          4293         0.0318        0.9209        0.2550        0.2304        Set3
61473.6818    9548.9042     910.9577      0.6823        -0.3684       0.6315        118.37        50.84         4.4642        0.3117         1867          4313         0.0070        0.3897        0.2601        0.1728        Set3
61474.0102    9550.1683     911.9453      0.8087        -0.5859       0.0519        125.92        87.03         3.5956        0.5581         18759         4316         0.0717        1.7503        1.7382        2.2896        Set3
61473.8661    9551.5349     913.8109      0.7455        -0.4527       0.4891        121.27        60.72         4.6891        0.3613         702           4325         0.0087        0.5235        0.3526        0.2160        Set3
61474.6623    9552.8810     914.0230      0.5126        -0.6277       0.5858        140.76        54.14         6.9262        0.7799         566           4369         0.0075        1.0431        0.3604        0.3744        Set3
61475.6151    9551.5763     911.8795      -0.7489       0.6622        0.0247        311.49        88.58         4.6226        0.2706         101357        4372         0.0556        2.8953        2.1210        5.5296        Set3
61475.1331    9552.7199     913.6346      0.9236        -0.3255       0.2024        109.41        78.32         3.0788        0.3925         581           4394         0.0197        0.3727        0.3562        0.1584        Set3
61475.1360    9550.6672     910.8577      0.6236        -0.5094       0.5930        129.24        53.63         3.7236        0.2137         235           4395         0.0090        0.4055        0.2115        0.1584        Set3
61475.1848    9553.3194     913.8501      0.7672        -0.6253       0.1428        129.18        81.79         3.6803        0.2660         768           4400         0.0109        0.3242        0.3338        0.1584        Set3
61475.5302    9551.9386     913.0158      0.6835        -0.2783       0.6748        112.15        47.56         5.3177        0.3102         194           4410         0.0052        0.3778        0.2568        0.1872        Set3
61475.6299    9553.6655     913.8175      0.6543        -0.7253       0.2140        137.95        77.64         4.7264        0.6471         4478          4418         0.0165        1.1431        0.4314        0.5184        Set3
61475.9183    9552.3712     912.5961      0.8073        -0.2418       0.5384        106.67        57.43         5.2282        0.4379         2251          4434         0.0101        0.5902        0.5337        0.3744        Set3
61476.3583    9552.0306     910.7854      0.8236        -0.5656       0.0416        124.48        87.62         4.4275        1.5102         5059          4446         0.0245        1.0189        0.4871        0.4896        Set3
61477.4995    9555.1229     912.5643      0.6962        -0.6777       0.2366        134.23        76.31         4.9929        0.3305         75307         4449         0.0665        4.3372        2.4163        8.9712        Set3
61476.1543    9554.3203     913.8893      0.7451        -0.6111       0.2673        129.36        74.50         4.8327        0.5766         1634          4450         0.0099        0.8072        0.2587        0.2736        Set3
61476.5732    9552.7788     910.9830      0.8243        -0.4135       0.3867        116.64        67.25         4.5052        0.3995         814           4465         0.0162        0.6495        0.4544        0.3312        Set3
61477.0448    9553.2416     910.9306      0.7841        -0.5648       0.2572        125.77        75.09         5.4154        0.5458         6991          4474         0.0164        1.1290        0.5883        0.8064        Set3
61478.7291    9554.8507     910.8045      0.7038        -0.6874       0.1793        134.33        79.67         5.0875        1.4278         12400         4501         0.0629        3.2048        1.4131        3.1680        Set3
61478.6591    9557.2435     913.7897      0.6003        -0.4664       0.6498        127.84        49.48         4.4342        0.9370         226           4545         0.0104        0.5654        0.1852        0.1872        Set3
61478.9173    9556.8309     912.6351      -0.5869       0.7963        0.1466        323.61        81.57         3.5113        0.6030         567           4548         0.0134        0.3988        0.3618        0.2160        Set3
61478.8437    9556.9525     912.2180      0.7258        -0.6541       0.2129        132.03        77.71         5.7309        0.2436         1730          4552         0.0062        0.3924        0.5609        0.2736        Set3
61478.8844    9557.3004     913.4949      0.9226        -0.3780       0.0769        112.28        85.59         4.0978        0.5810         530           4561         0.0179        0.5822        0.4633        0.2448        Set3
61479.1843    9557.4925     912.6240      -0.7205       0.6231        0.3044        310.85        72.28         4.4927        0.5181         6750          4563         0.0306        1.1129        1.3250        1.2816        Set3
61479.5403    9556.6021     911.3872      -0.6864       0.7229        0.0794        316.48        85.44         4.1334        1.4687         512           4590         0.0169        0.5847        0.6189        0.3312        Set3
61479.3692    9557.9216     913.3908      0.8657        -0.4204       0.2717        115.90        74.23         4.4144        0.3081         282           4593         0.0123        0.4239        0.4426        0.2160        Set3
61479.6866    9557.7886     912.7519      -0.8370       0.5472        0.0062        303.18        89.64         4.9895        0.5993         734           4607         0.0117        0.4583        0.6823        0.3744        Set3
61479.6396    9556.8299     910.8194      -0.7043       0.7038        0.0924        314.98        84.70         4.6987        0.8910         165           4614         0.0095        0.2272        0.5462        0.2016        Set3
61480.6904    9557.6552     910.9002      -0.6371       0.7270        0.2563        318.77        75.15         5.9969        0.2771         24285         4625         0.0176        2.2452        1.1140        2.4048        Set3
61480.3079    9557.8923     912.4028      -0.8101       0.5863        0.0036        305.89        89.79         3.8797        0.4463         3059          4654         0.0216        0.5162        0.8522        0.5472        Set3
61480.5101    9558.5910     912.3856      -0.8188       0.5494        0.1667        303.86        80.40         2.9208        0.4411         3961          4657         0.0510        1.1226        1.3275        1.1088        Set3
61480.4771    9558.9053     913.4464      0.8887        -0.3607       0.2829        112.09        73.57         4.2446        0.0304         563           4675         0.0124        0.6219        0.4998        0.4032        Set3
61480.7729    9559.8331     913.6032      -0.9048       0.4254        0.0193        295.18        88.89         2.4713        0.2930         916           4693         0.0222        0.5080        0.4535        0.3312        Set3
61481.0246    9559.0064     912.5316      -0.6389       0.7584        0.1287        319.89        82.60         4.8162        0.4030         4000          4697         0.0147        0.9179        0.4840        0.4896        Set3
61480.9632    9558.1284     911.5103      0.9255        -0.2968       0.2353        107.78        76.39         4.2745        0.9080         1261          4706         0.0178        0.6290        0.3503        0.2592        Set3
61481.0457    9560.0630     913.5970      0.6806        -0.7224       0.1219        136.71        83.00         3.2552        0.8829         517           4708         0.0194        0.6012        0.3223        0.2448        Set3
61481.9415    9559.1982     910.8483      0.6884        -0.7241       0.0427        136.45        87.55         4.8051        0.7721         21552         4713         0.0441        2.2388        1.3617        2.4048        Set3
61481.1132    9558.0977     910.5090      0.7823        -0.4112       0.4679        117.72        62.10         3.7963        0.3995         437           4721         0.0132        0.3914        0.3110        0.2016        Set3
61481.2986    9559.8184     912.7373      -0.7410       0.5777        0.3423        307.94        69.98         3.9506        0.3575         2850          4733         0.0176        0.6005        0.6581        0.3888        Set3
61481.3178    9558.4432     910.5714      0.9122        -0.3967       0.1027        113.50        84.11         3.0531        1.3973         228           4736         0.0205        0.4505        0.2401        0.1728        Set3
61481.5739    9559.2375     911.5059      0.8043        -0.4353       0.4046        118.42        66.13         4.9354        0.2960         982           4749         0.0098        0.5395        0.6136        0.3024        Set3
61481.8795    9560.4085     913.0645      -0.9129       0.4080        0.0098        294.08        89.44         4.3381        2.9924         1207          4764         0.0174        0.8835        0.2966        0.3312        Set3
61481.8707    9560.1204     912.2367      -0.6886       0.4129        0.5960        300.95        53.41         4.8426        2.3851         852           4768         0.0141        0.8012        0.1696        0.2736        Set3
61483.5287    9560.7439     911.0134      -0.6128       0.7901        0.0116        322.20        89.34         4.5827        0.8170         75228         4775         0.0720        3.9671        2.2192        5.9328        Set3
61482.1022    9560.5348     912.8757      0.7970        -0.5237       0.3008        123.31        72.50         5.2236        0.6793         11064         4776         0.0247        1.8298        1.0256        1.4976        Set3
61482.7759    9560.8797     912.7453      0.7830        -0.6219       0.0118        128.46        89.32         3.4773        0.8794         4248          4814         0.0233        0.6444        0.5006        0.3312        Set3
61483.1910    9559.9352     910.2155      0.7985        -0.5665       0.2036        125.36        78.25         4.5257        1.3079         5842          4815         0.0275        1.2359        0.4857        0.6048        Set3
61483.2355    9561.5200     913.0388      0.7111        -0.5403       0.4499        127.23        63.26         4.5470        1.1209         1303          4827         0.0120        0.7388        0.2029        0.2016        Set3
61483.3377    9562.1167     913.4418      0.5494        -0.6266       0.5527        138.76        56.44         4.8180        0.5305         127           4832         0.0104        0.4387        0.3892        0.2448        Set3
61483.4320    9561.3442     912.3025      0.7587        -0.5956       0.2638        128.14        74.70         3.5901        0.6401         4666          4835         0.0275        0.6264        0.7993        0.5904        Set3
61483.4319    9560.5096     911.7769      0.8440        -0.3070       0.4398        109.99        63.91         4.4329        0.2052         1626          4840         0.0090        0.4613        0.3570        0.2016        Set3
61483.6648    9562.4406     913.5689      0.7059        -0.6267       0.3301        131.60        70.72         5.0502        0.3406         904           4854         0.0123        0.7757        0.5313        0.4464        Set3
61483.6595    9561.9810     913.0329      -0.8291       0.4870        0.2745        300.43        74.07         3.7038        0.8957         1478          4861         0.0150        0.7030        0.3002        0.2880        Set3
61484.4667    9562.1164     911.8563      0.7401        -0.6117       0.2794        129.57        73.78         4.0695        0.6804         7511          4875         0.0429        1.5183        1.1137        1.3248        Set3
61483.7962    9562.2890     913.3553      0.9651        -0.2172       0.1460        102.68        81.60         2.8743        0.5381         350           4878         0.0168        0.3714        0.2695        0.1584        Set3
61484.1522    9562.0119     912.8476      0.7654        -0.3561       0.5360        114.95        57.59         5.0829        2.9090         249           4895         0.0155        0.7210        0.3129        0.3024        Set3
61484.4912    9563.0575     913.4022      0.6037        -0.7733       0.1939        142.02        78.82         4.4103        0.5595         2820          4898         0.0245        1.1652        0.7203        0.8064        Set3
61484.6634    9562.6610     912.5006      -0.6869       0.7240        0.0623        316.51        86.43         3.4776        1.5630         936           4913         0.0307        0.7606        0.4074        0.3024        Set3
61485.0097    9563.1457     912.9395      0.8237        -0.5669       0.0114        124.53        89.35         4.5709        0.7004         4359          4940         0.0229        1.2043        0.9284        0.8208        Set3
61485.0524    9562.0174     910.8940      0.4838        -0.7775       0.4018        148.10        66.31         4.6008        0.1207         1235          4946         0.0096        0.4046        0.4374        0.2592        Set3
61486.3167    9563.5957     911.7783      -0.5472       0.7731        0.3207        324.71        71.29         6.1398        0.8104         22101         4954         0.0240        2.6045        0.9472        2.0592        Set3
61485.7219    9562.7858     911.2410      -0.6487       0.7114        0.2703        317.64        74.32         6.2149        1.5114         5367          4967         0.0129        1.3708        0.4568        0.5184        Set3
61485.4628    9562.1186     910.3106      -0.5850       0.7919        0.1749        323.55        79.93         5.1932        2.3931         1045          4971         0.0182        0.6060        0.8326        0.4176        Set3
61485.4507    9563.6505     912.6777      -0.8799       0.3903        0.2710        293.92        74.27         4.1891        0.5298         2183          4978         0.0180        0.7129        0.3879        0.3312        Set3
61485.3424    9563.8520     913.4527      0.6306        -0.5722       0.5243        132.22        58.38         3.3266        1.0124         383           4980         0.0196        0.4669        0.2979        0.1728        Set3
61485.7419    9562.1974     910.6304      -0.6726       0.7356        0.0802        317.56        85.40         3.5720        0.3525         1948          4989         0.0281        0.5424        0.7923        0.5184        Set3
61485.7485    9564.1094     913.4168      0.7972        -0.5859       0.1453        126.31        81.64         3.1557        0.5005         572           5001         0.0150        0.4356        0.3040        0.1728        Set3
61486.1889    9563.4038     911.9911      -0.4498       0.6907        0.5662        326.93        55.52         5.2012        0.8299         1825          5003         0.0160        0.9413        0.4300        0.3888        Set3
61486.0107    9563.9457     912.8713      -0.6482       0.6520        0.3933        315.17        66.84         4.8873        0.3303         2992          5004         0.0168        0.9407        0.5511        0.4896        Set3
61489.3746    9564.9189     910.5816      -0.6156       0.7053        0.3515        318.89        69.42         5.4325        0.6048         303793        5008         0.0732        6.6483        2.3430        12.9456       Set3
61486.0868    9564.2234     913.2434      0.6358        -0.7322       0.2442        139.03        75.87         4.4100        0.8181         414           5013         0.0109        0.3484        0.4032        0.1584        Set3
61486.7841    9564.1430     912.4288      0.8200        -0.5666       0.0811        124.64        85.35         3.0634        1.9004         2166          5050         0.0253        0.4624        0.3859        0.2160        Set3
61487.3310    9564.5230     912.5243      -0.7809       0.6008        0.1712        307.57        80.14         4.7438        2.0841         6101          5059         0.0288        1.3921        0.4674        0.6336        Set3
61487.4386    9564.3142     911.7898      0.5375        -0.8399       0.0757        147.38        85.66         3.9578        0.3320         4129          5072         0.0245        0.6603        0.7472        0.5472        Set3
61487.6505    9564.7382     912.4089      -0.7769       0.4979        0.3855        302.66        67.32         3.9166        0.9017         2019          5081         0.0208        0.7790        0.3215        0.3168        Set3
61489.0402    9564.8415     912.0560      0.5764        -0.7206       0.3853        141.34        67.34         3.4121        0.9135         898           5124         0.0216        0.6205        0.4069        0.2736        Set3
61491.7114    9567.2999     910.9005      0.6887        -0.7230       0.0545        136.39        86.88         3.2828        0.2765         83946         5160         0.1344        3.6247        2.6543        7.1568        Set3
61491.5163    9566.8642     909.5304      0.8532        -0.3927       0.3433        114.72        69.92         4.2077        1.1482         1395          5198         0.0192        0.7800        0.3056        0.2880        Set3
61492.1983    9567.3153     909.4355      0.4861        -0.8575       0.1685        150.45        80.30         4.2707        0.7139         2123          5209         0.0195        1.1188        0.3888        0.4896        Set3
61492.7472    9567.4245     909.2754      0.7604        -0.6477       0.0481        130.43        87.24         4.2058        0.1343         1343          5231         0.0089        0.3959        0.3322        0.1728        Set3
61470.5191    9548.2558     914.4002      -0.3063       0.8615        0.4049        340.43        66.11         6.1452        0.1795         13120         7360         0.0106        0.9165        1.0724        1.0512        Set4
61471.5984    9548.7731     913.9080      -0.3155       0.8666        0.3866        340.00        67.26         6.8904        0.2244         46036         7434         0.0127        1.7555        1.3737        2.3616        Set4
61471.9168    9548.2149     912.5022      -0.3778       0.9145        0.1446        337.55        81.68         4.7146        0.6199         3504          7486         0.0117        0.6948        0.6244        0.4032        Set4
61471.9570    9548.6204     912.9532      0.2833        -0.8393       0.4641        161.35        62.35         5.9507        1.3409         1064          7501         0.0067        0.5246        0.3547        0.2160        Set4
61472.5461    9548.6421     912.0825      -0.3963       0.8922        0.2167        336.05        77.48         6.2194        0.6126         11992         7560         0.0099        0.9353        0.9784        0.7632        Set4
61472.4641    9550.0411     914.2650      -0.3197       0.8166        0.4805        338.62        61.28         5.8447        0.2997         5796          7564         0.0085        0.6211        0.5658        0.4896        Set4
61473.0044    9549.0698     912.2593      0.4363        -0.8998       0.0048        154.13        89.73         4.9029        0.8738         18086         7605         0.0201        0.9488        1.0793        0.7920        Set4
61472.7733    9550.7187     914.2974      -0.4999       0.8650        0.0431        329.98        87.53         4.5186        0.7773         4276          7613         0.0190        0.4903        0.7996        0.4752        Set4
61473.1692    9549.0599     911.6732      0.2931        -0.9516       0.0921        162.88        84.72         3.1985        1.9020         2699          7655         0.0212        0.4036        0.4226        0.1872        Set4
61473.2507    9549.6354     912.8071      0.2674        -0.8222       0.5024        161.98        59.84         4.2350        0.4574         3657          7665         0.0134        0.3935        0.4869        0.2736        Set4
61473.5662    9548.8484     911.1304      -0.4343       0.8469        0.3069        332.85        72.13         5.9190        0.6299         8973          7669         0.0079        0.8177        0.3428        0.2880        Set4
61473.4494    9549.5385     912.1905      0.1920        -0.9779       0.0826        168.89        85.26         5.1964        1.1509         8666          7700         0.0142        0.3904        0.8660        0.3312        Set4
61473.8189    9549.8805     912.1784      -0.3370       0.9180        0.2090        339.84        77.94         4.2676        0.7128         24994         7728         0.0314        0.8652        1.3531        1.0224        Set4
61473.6392    9551.4761     913.9867      0.0876        -0.9960       0.0195        174.97        88.88         4.1850        2.3276         433           7733         0.0115        0.3987        0.2388        0.1584        Set4
61473.7573    9549.7322     911.3356      -0.2891       0.9347        0.2068        342.81        78.06         4.8193        0.5658         2612          7745         0.0081        0.4274        0.3461        0.2016        Set4
61474.2861    9551.2202     913.3110      -0.0754       0.9968        0.0256        355.67        88.54         4.0679        0.6768         2825          7784         0.0150        0.6305        0.3129        0.2448        Set4
61474.2266    9550.3992     911.3873      -0.3151       0.9174        0.2433        341.05        75.92         4.9128        0.1326         3084          7785         0.0068        0.3850        0.3790        0.2160        Set4
61474.3557    9550.6505     912.3135      -0.2103       -0.9744       0.0792        192.18        85.46         5.2035        1.9805         4098          7798         0.0193        0.5522        1.2510        0.4608        Set4
61474.7391    9550.6238     911.6723      -0.2941       0.9549        0.0404        342.88        87.68         4.9850        0.8909         13650         7814         0.0279        0.6868        1.6142        1.0656        Set4
61474.8737    9552.4553     913.6278      -0.3686       0.9049        0.2130        337.84        77.70         5.9851        0.8683         1947          7835         0.0064        0.6161        0.2365        0.2448        Set4
61475.1017    9551.0206     912.6305      0.4000        -0.9034       0.1546        156.12        81.11         3.5574        0.4750         6449          7853         0.0261        0.6941        0.6327        0.4752        Set4
61475.5033    9551.3938     911.4608      -0.4512       0.8915        0.0417        333.15        87.61         6.3234        0.6883         15400         7906         0.0110        0.4420        1.4395        0.6912        Set4
61475.6399    9553.4987     913.5204      -0.3378       0.8931        0.2970        339.28        72.72         5.5777        0.9405         4866          7920         0.0098        0.8815        0.3275        0.4320        Set4
61475.7751    9551.6787     911.9266      -0.5080       0.8061        0.3036        327.78        72.32         5.7286        0.3036         8147          7939         0.0073        0.4239        0.5829        0.3168        Set4
61475.7824    9553.8111     913.8598      0.5694        -0.8133       0.1199        145.00        83.11         4.3171        0.2080         1858          7944         0.0097        0.3593        0.3117        0.1728        Set4
61476.1675    9552.2067     911.5501      -0.5014       0.7786        0.3774        327.22        67.83         6.7961        0.3872         8860          7969         0.0065        0.5025        0.9240        0.5472        Set4
61476.3383    9553.8310     912.3250      0.2353        -0.8418       0.4859        164.38        60.93         4.6756        0.4291         3232          7989         0.0143        0.6168        0.6336        0.4464        Set4
61476.5623    9554.3185     913.1349      0.4608        -0.8869       0.0324        152.54        88.14         4.2607        0.3482         1354          8004         0.0110        0.6238        0.5055        0.3456        Set4
61476.7567    9554.3111     912.1775      0.4408        -0.8467       0.2980        152.50        72.66         5.6428        0.5436         2419          8046         0.0078        0.3952        0.6180        0.2880        Set4
61477.5460    9553.7454     910.8601      0.3066        -0.9507       0.0465        162.13        87.33         5.1840        0.5577         6380          8103         0.0140        0.9380        0.7596        0.6048        Set4
61477.3488    9554.7384     911.8805      -0.5030       0.8632        0.0446        329.77        87.44         3.0361        0.2914         1154          8109         0.0168        0.2942        0.4120        0.1728        Set4
61477.8525    9554.6696     911.3809      0.3678        -0.6429       0.6718        150.23        47.79         4.6042        3.0124         1077          8122         0.0166        0.7283        0.1838        0.1872        Set4
61477.8652    9555.2114     911.7823      -0.5426       0.7758        0.3220        325.03        71.22         4.8330        0.1594         986           8138         0.0073        0.4667        0.3053        0.1728        Set4
61478.4730    9554.6061     910.8614      -0.4811       0.7947        0.3702        328.81        68.27         7.5393        0.6692         6663          8144         0.0071        1.5652        0.5583        0.8352        Set4
61479.2972    9555.4902     911.0141      -0.4164       0.7373        0.5320        330.55        57.86         6.8804        0.6445         6271          8206         0.0075        1.5702        0.7104        0.9648        Set4
61478.8023    9556.7602     912.6222      -0.3433       0.9244        0.1665        339.63        80.41         3.5659        0.5635         1026          8231         0.0128        0.2504        0.3990        0.1728        Set4
61478.9948    9557.2949     912.5992      -0.3573       0.8338        0.4209        336.81        65.11         4.7240        1.0450         858           8236         0.0145        0.3084        0.6703        0.2880        Set4
61479.3718    9557.5271     912.8952      -0.4832       0.8177        0.3128        329.42        71.77         4.6956        1.6254         1736          8249         0.0240        0.8696        0.8711        0.5616        Set4
61479.5237    9557.9572     912.2876      -0.2492       0.8910        0.3795        344.37        67.70         3.5711        0.2711         1328          8270         0.0194        0.5147        0.5469        0.3024        Set4
61479.9414    9556.9691     911.0671      -0.5330       0.8136        0.2324        326.77        76.56         6.6205        0.0985         3091          8286         0.0055        0.8646        0.8900        0.8208        Set4
61480.1070    9557.9138     912.0955      0.3080        0.8402        0.4463        20.13         63.49         5.0933        0.4931         593           8326         0.0079        0.3979        0.3956        0.1584        Set4
61480.0816    9557.7270     912.4572      0.1752        0.9186        0.3543        10.80         69.25         3.5115        0.8126         785           8330         0.0191        0.3048        0.5091        0.2160        Set4
61480.4754    9557.4519     911.1948      -0.5284       0.8458        0.0734        328.00        85.79         3.3396        0.4104         6679          8357         0.0367        0.6602        0.9705        0.6048        Set4
61480.6171    9558.5861     912.5468      -0.3074       0.7625        0.5693        338.04        55.30         4.8136        0.3219         1077          8386         0.0062        0.2467        0.3615        0.1584        Set4
61481.0345    9558.9251     912.1885      -0.3197       0.8596        0.3985        339.60        66.52         4.4118        0.3891         1361          8419         0.0084        0.3731        0.2449        0.1728        Set4
61481.3374    9558.6295     911.2346      -0.5595       0.7983        0.2228        324.98        77.13         6.6424        0.1192         3434          8431         0.0050        0.6519        0.8673        0.6048        Set4
61481.1126    9559.0861     912.5208      -0.5001       0.8189        0.2816        328.59        73.64         4.3108        0.2895         1609          8436         0.0093        0.3433        0.3664        0.1728        Set4
61482.6503    9560.0003     911.4624      -0.5282       0.8086        0.2589        326.85        74.99         5.8198        0.3041         30890         8496         0.0176        2.3126        1.3940        2.3472        Set4
61481.8839    9559.1568     910.7895      0.5076        -0.8611       0.0302        149.48        88.27         5.1546        0.3142         1727          8511         0.0086        0.4284        0.6813        0.2880        Set4
61482.8264    9560.9144     912.7463      -0.4225       0.8692        0.2571        334.08        75.10         4.7864        0.4014         1187          8646         0.0059        0.2592        0.3700        0.1584        Set4
61483.1010    9561.3873     912.8837      -0.1580       0.9306        0.3303        350.36        70.72         4.7359        0.3062         1697          8662         0.0072        0.3703        0.3687        0.1728        Set4
61483.8617    9561.0449     910.8493      -0.5516       0.8146        0.1794        325.89        79.66         4.7538        0.1624         20037         8699         0.0227        1.3281        1.1251        1.4112        Set4
61483.8884    9561.6007     911.9593      0.0961        0.8279        0.5525        6.62          56.46         5.6136        0.7465         2304          8730         0.0102        0.8508        0.5750        0.4176        Set4
61484.4027    9563.0094     913.3674      0.1850        -0.9504       0.2501        168.98        75.52         3.9243        1.1017         2173          8781         0.0325        0.7940        0.9398        0.5760        Set4
61484.5144    9562.4089     912.4762      0.0479        0.9989        0.0015        2.74          89.91         3.9830        0.4085         717           8828         0.0108        0.3663        0.2900        0.1728        Set4
61484.4294    9562.1505     911.9013      -0.1018       0.7385        0.6666        352.15        48.20         4.8706        0.5660         832           8841         0.0091        0.3491        0.3568        0.1872        Set4
61485.9699    9562.4249     910.3439      -0.4919       0.8176        0.2993        328.97        72.58         6.7714        0.3530         41139         8883         0.0127        2.6660        1.2816        2.9952        Set4
61484.9187    9562.2615     911.3457      0.3729        -0.9181       0.1347        157.90        82.26         4.4319        1.0683         1017          8904         0.0104        0.4164        0.3785        0.1872        Set4
61485.3872    9562.9142     911.8810      -0.5622       0.7885        0.2493        324.51        75.57         6.5292        0.4746         3749          8935         0.0082        1.1114        0.4890        0.6336        Set4
61486.1750    9563.5198     911.7751      -0.5096       0.8060        0.3010        327.69        72.48         6.4444        0.1983         6490          9077         0.0065        0.7783        0.5127        0.4896        Set4
61485.9269    9563.8317     912.9199      -0.5137       0.7283        0.4536        324.80        63.02         4.6937        0.9925         774           9078         0.0083        0.2364        0.3611        0.1584        Set4
61487.3921    9564.3037     911.7609      0.4589        -0.8869       0.0528        152.64        86.97         4.1269        0.3219         19861         9195         0.0282        1.3459        0.7973        1.0080        Set4
61487.0995    9563.1013     910.5831      -0.5366       0.7897        0.2972        325.80        72.71         5.7819        0.3227         2073          9213         0.0056        0.3053        0.5370        0.1872        Set4
61487.7611    9563.6691     910.3441      -0.5150       0.7984        0.3121        327.18        71.82         6.0507        0.0929         80394         9227         0.0132        1.9184        1.7623        2.8656        Set4
61488.8747    9564.0165     911.4653      0.3216        -0.8357       0.4452        158.95        63.56         3.9218        0.7435         980           9442         0.0083        0.4006        0.1870        0.1584        Set4
61488.8866    9564.7317     909.9604      -0.5455       0.7252        0.4201        323.05        65.16         6.1955        0.4649         1978          9460         0.0071        0.4411        0.7314        0.3744        Set4
61489.2504    9564.7421     911.8234      0.2119        -0.8231       0.5269        165.56        58.20         4.9219        0.9057         3359          9485         0.0183        0.8257        0.5884        0.5040        Set4
61489.3397    9565.1657     909.8886      -0.5647       0.7291        0.3867        322.24        67.25         4.4784        0.2263         2099          9517         0.0122        0.5108        0.4380        0.3168        Set4
61490.1765    9565.3465     910.9636      -0.4683       0.6853        0.5577        325.65        56.10         5.3021        0.7711         1059          9613         0.0057        0.2414        0.3257        0.1584        Set4
61490.9292    9566.7649     911.6190      0.4448        -0.8937       0.0582        153.54        86.66         4.4142        0.3608         6606          9662         0.0138        0.5219        0.5309        0.3168        Set4
61491.6137    9567.3304     911.6294      -0.5248       0.7804        0.3399        326.08        70.13         5.3255        0.2435         2518          9736         0.0083        0.6445        0.4288        0.3312        Set4
61491.7565    9567.1361     909.5105      0.2877        -0.8995       0.3288        162.26        70.80         4.0697        0.3107         1520          9756         0.0112        0.4042        0.3141        0.1728        Set4
61492.0523    9567.2461     909.5024      0.1349        -0.9562       0.2596        171.97        74.95         3.7239        0.2205         1845          9775         0.0118        0.4031        0.3041        0.1584        Set4
61470.4759    9548.2365     913.7120      -0.9217       -0.3860       0.0392        247.28        87.75         5.2995        0.4666         674           10383        0.0054        0.3241        0.3208        0.1584        Set5
61471.6700    9547.7748     912.5262      0.8484        0.5226        0.0844        58.37         85.16         6.8730        0.4481         9665          10410        0.0075        1.0776        0.9611        0.7344        Set5
61472.2909    9549.4029     914.1370      -0.9606       -0.2773       0.0197        253.90        88.87         6.5150        0.2847         3348          10436        0.0068        0.8601        0.5593        0.5760        Set5
61472.6044    9550.3226     914.3987      -0.9402       -0.3348       0.0629        250.40        86.39         4.8611        0.4947         948           10473        0.0095        0.4780        0.4069        0.2448        Set5
61472.8362    9550.9010     914.4572      -0.8805       -0.4643       0.0955        242.19        84.52         6.1522        0.1288         364           10489        0.0033        0.3430        0.3488        0.1584        Set5
61473.7460    9549.2329     911.1545      -0.8533       -0.5052       0.1288        239.37        82.60         6.6004        0.3472         1944          10511        0.0042        0.5591        0.3110        0.2736        Set5
61476.0122    9553.4618     912.3046      0.8273        0.5415        0.1496        56.79         81.40         5.2300        0.5464         1460          10570        0.0153        0.8272        1.0143        0.5904        Set5
61476.3392    9552.7899     911.8973      0.8434        0.4736        0.2539        60.69         75.29         5.0989        0.4699         2250          10585        0.0210        0.8921        1.1281        0.8784        Set5
61476.2485    9553.2435     911.6097      0.8602        0.4260        0.2805        63.66         73.71         4.9057        0.4166         468           10600        0.0087        0.3583        0.4031        0.2016        Set5
61476.6475    9554.1963     912.4576      0.9563        0.2881        0.0489        73.23         87.20         5.0604        0.2886         434           10643        0.0067        0.3681        0.3484        0.1728        Set5
61478.8797    9557.1857     912.1291      0.7880        0.4650        0.4035        59.46         66.20         5.0292        1.4800         254           10694        0.0121        0.5716        0.2909        0.2304        Set5
61478.8217    9557.1741     912.4342      0.7155        0.6620        0.2234        47.22         77.09         5.3528        0.3793         303           10704        0.0059        0.2957        0.4596        0.2016        Set5
61479.6614    9556.1694     911.0474      0.9046        0.3296        0.2703        69.98         74.32         4.2716        1.1642         1923          10749        0.0255        0.8101        0.7725        0.5472        Set5
61479.6118    9556.5979     911.1022      0.8974        0.2392        0.3707        75.07         68.24         4.1382        0.5353         476           10769        0.0119        0.2861        0.4321        0.1728        Set5
61479.7394    9556.4415     910.7979      0.9306        0.2369        0.2789        75.72         73.80         4.3171        0.1823         892           10785        0.0113        0.3943        0.4597        0.2592        Set5
61479.8693    9557.8534     912.4891      -0.9551       -0.2959       0.0123        252.79        89.30         4.7073        1.0897         399           10800        0.0146        0.2649        0.6874        0.2592        Set5
61480.0892    9558.3677     913.3273      0.8902        0.4390        0.1221        63.75         82.99         5.7663        0.4560         599           10825        0.0058        0.4739        0.2337        0.1728        Set5
61480.3777    9558.2731     912.4420      -0.9803       -0.1768       0.0880        259.78        84.95         5.3823        0.7086         430           10837        0.0078        0.3659        0.3917        0.1728        Set5
61480.7499    9559.5280     913.4426      -0.8924       -0.3880       0.2304        246.50        76.68         4.8309        0.4469         1165          10861        0.0067        0.3886        0.2691        0.1584        Set5
61481.7257    9560.1147     912.5758      0.8288        0.4568        0.3232        61.14         71.14         4.9228        0.0855         1827          10927        0.0076        0.4168        0.4598        0.2304        Set5
61483.9866    9562.0446     912.6468      -0.8326       -0.5257       0.1747        237.73        79.94         5.1895        0.1448         3528          10993        0.0103        0.7449        0.5232        0.4896        Set5
61486.1520    9563.7034     912.4062      0.8128        0.5709        0.1161        54.92         83.33         5.4782        0.6514         462           11096        0.0064        0.4968        0.1952        0.1728        Set5
61486.6887    9563.7830     911.3567      0.8100        0.5733        0.1231        54.71         82.93         5.5626        0.5240         561           11116        0.0070        0.4869        0.3064        0.2160        Set5
61487.1175    9563.3175     911.0172      0.8308        0.5565        0.0076        56.18         89.56         5.7123        0.7514         621           11128        0.0072        0.6456        0.2273        0.2592        Set5
61487.9362    9564.4698     911.7583      0.7873        0.5952        0.1608        52.91         80.75         5.1258        0.4387         397           11138        0.0065        0.2860        0.3803        0.1584        Set5
