61457.7972    9536.8305     916.3318      -0.9957       0.0920        0.0117        275.28        89.33         3.6547        0.1369         21733         7276         0.0416        1.3635        1.2531        1.8864        Set1
61458.5693    9535.2028     913.5836      -0.9968       0.0215        0.0766        271.23        85.61         3.9367        0.3860         3529          7329         0.0250        0.8131        0.6644        0.5328        Set1
61458.4460    9535.9095     914.6366      0.9871        0.0532        0.1509        86.92         81.32         4.0955        0.1855         1677          7333         0.0097        0.2673        0.3696        0.1728        Set1
61458.9627    9536.6005     914.6924      0.9867        0.1024        0.1264        84.07         82.74         5.2774        0.2322         7466          7379         0.0115        0.8659        0.5115        0.5328        Set1
61459.1870    9535.3808     912.5813      -0.9727       0.2284        0.0419        283.21        87.60         4.4121        0.3204         2711          7385         0.0103        0.5290        0.3002        0.2160        Set1
61459.5481    9538.2410     916.3869      -0.9878       -0.0707       0.1390        265.91        82.01         4.9581        1.4051         235           7410         0.0095        0.1470        0.5260        0.1872        Set1
61460.7244    9537.7087     914.0177      -0.9566       -0.0104       0.2913        269.38        73.06         3.7166        0.8836         1457          7446         0.0214        0.3291        0.5543        0.2592        Set1
61460.8795    9536.7873     912.9351      0.9427        0.0037        0.3336        89.78         70.51         4.2648        0.1997         5055          7448         0.0239        0.8143        0.8196        0.7920        Set1
61460.7824    9537.3106     913.5431      0.9871        0.0745        0.1414        85.69         81.87         4.5344        0.0892         7309          7450         0.0159        0.7501        0.9528        0.7344        Set1
61461.0315    9537.8760     914.6562      -0.9729       -0.0337       0.2289        268.01        76.77         3.5069        1.8199         1169          7474         0.0184        0.3239        0.4382        0.2016        Set1
61461.1720    9538.8535     915.8784      0.9745        -0.1497       0.1672        98.73         80.37         3.9769        0.1098         1050          7485         0.0093        0.3676        0.2905        0.1728        Set1
61461.7937    9538.3990     913.6868      0.9421        -0.0042       0.3354        90.25         70.40         4.6996        0.4986         682           7515         0.0079        0.4027        0.3135        0.1584        Set1
61462.0277    9537.9296     912.7397      -0.8877       -0.0262       0.4597        268.31        62.63         4.3189        0.2456         1086          7529         0.0079        0.4665        0.4004        0.2160        Set1
61462.3048    9539.3797     915.3238      0.8611        -0.3639       0.3551        112.91        69.20         4.2750        0.0829         1228          7570         0.0103        0.4174        0.3816        0.2160        Set1
61462.3921    9538.4601     912.8029      0.9485        -0.2287       0.2192        103.56        77.34         4.2808        0.3914         5360          7577         0.0186        0.7068        0.4516        0.4320        Set1
61462.4943    9539.0018     914.6053      -0.9875       -0.1221       0.0992        262.95        84.30         5.3388        0.1479         8541          7589         0.0102        0.7977        0.5259        0.5760        Set1
61462.5596    9538.5419     912.4195      -0.9824       -0.0549       0.1787        266.80        79.71         5.6837        1.6229         1019          7597         0.0056        0.4846        0.1769        0.1584        Set1
61462.6865    9539.6241     914.8209      0.9847        0.0548        0.1652        86.82         80.49         4.4409        0.3126         2302          7611         0.0103        0.3323        0.4713        0.2160        Set1
61462.7338    9539.0922     913.0686      -0.9983       -0.0587       0.0019        266.63        89.89         5.7225        0.2809         10660         7621         0.0115        1.1557        1.1077        0.9072        Set1
61463.1020    9539.4153     912.5543      0.8925        -0.1181       0.4354        97.54         64.19         5.0452        0.3716         7854          7632         0.0161        1.0004        0.7282        0.8496        Set1
61465.6031    9541.3872     913.5752      0.9582        0.0714        0.2770        85.74         73.92         4.4826        0.1151         9838          7722         0.0356        1.5213        1.6874        2.1888        Set1
61465.6480    9541.9625     914.3676      0.9544        -0.0791       0.2877        94.74         73.28         5.5063        0.2859         800           7755         0.0059        0.2714        0.4417        0.1728        Set1
61465.7001    9542.2161     913.1230      0.9980        -0.0620       0.0141        93.55         89.19         5.7191        0.6742         1871          7759         0.0085        0.6237        0.5496        0.3312        Set1
61465.8910    9542.5061     913.2122      0.9820        -0.0016       0.1887        90.09         79.12         4.2808        0.6109         557           7790         0.0108        0.2010        0.3883        0.1584        Set1
61466.2517    9543.1039     913.5359      -0.9286       -0.1657       0.3321        259.88        70.60         4.4012        1.0750         494           7832         0.0118        0.2840        0.4520        0.2016        Set1
61466.3407    9543.4042     913.0729      0.9010        0.0149        0.4336        89.05         64.30         5.1181        0.3243         539           7850         0.0070        0.4268        0.2522        0.2160        Set1
61466.9472    9543.1254     914.5450      0.9941        -0.1072       0.0154        96.15         89.12         6.6807        0.6628         376           7892         0.0048        0.5531        0.2732        0.2448        Set1
61467.0221    9544.2706     913.4083      0.9808        0.1869        0.0550        79.21         86.84         4.6319        0.1135         2924          7897         0.0162        1.0158        0.8188        0.8352        Set1
61467.3257    9544.6014     914.3738      -0.9518       -0.2114       0.2221        257.48        77.17         5.3844        0.2567         56            7937         0.0059        0.2581        0.3879        0.1728        Set1
61467.6882    9543.6477     912.2186      0.9050        -0.0349       0.4240        92.21         64.91         6.7763        0.8701         4896          7947         0.0156        1.9618        0.5304        1.2816        Set1
61468.0529    9545.0578     913.2126      -0.9976       0.0186        0.0660        271.07        86.21         4.2005        0.3702         800           7989         0.0092        0.2480        0.3710        0.1728        Set1
61468.4221    9544.9748     912.4433      0.9732        -0.1000       0.2069        95.87         78.06         4.3648        1.5127         868           8013         0.0158        0.6313        0.2861        0.2304        Set1
61468.9222    9545.6784     913.2283      -0.9694       -0.1196       0.2142        262.96        77.63         4.1597        0.4947         455           8046         0.0124        0.5169        0.3453        0.2016        Set1
61469.6225    9546.9818     914.2266      0.9822        0.1822        0.0458        79.49         87.37         5.2664        0.2806         10638         8083         0.0231        1.6164        1.0970        1.6560        Set1
61469.8246    9546.7372     913.2723      0.9649        0.0462        0.2584        87.26         75.03         4.3613        0.2566         1637          8116         0.0079        0.2603        0.4111        0.1728        Set1
61469.8916    9547.2145     913.5640      0.9794        -0.0882       0.1819        95.14         79.52         4.3572        0.2514         3873          8122         0.0177        0.7209        0.5197        0.4752        Set1
61470.1915    9546.0848     912.4021      0.9956        0.0538        0.0769        86.91         85.59         5.0105        0.8171         1212          8145         0.0082        0.5070        0.1786        0.1584        Set1
61470.1998    9546.4554     912.7219      -0.8962       0.1700        0.4099        280.74        65.80         4.6444        0.8613         1089          8147         0.0089        0.4766        0.1963        0.1584        Set1
61470.4831    9546.3095     912.0270      0.9744        -0.0242       0.2235        91.42         77.09         3.9586        0.1504         3817          8171         0.0133        0.4894        0.3896        0.2304        Set1
61457.9631    9534.8197     913.8040      -0.5605       -0.8037       0.2000        214.89        78.46         4.3849        0.6416         794           3058         0.0129        0.2916        0.5303        0.2016        Set2
61458.0204    9534.8084     913.4215      -0.6750       -0.7121       0.1932        223.47        78.86         4.7635        1.3668         371           3059         0.0094        0.1368        0.5076        0.1872        Set2
61461.2978    9537.4924     913.2634      0.5263        0.7222        0.4488        36.09         63.33         5.5347        0.6497         627           3101         0.0071        0.5895        0.2864        0.2304        Set2
61464.3747    9540.3840     912.4943      -0.4852       -0.7768       0.4015        211.99        66.33         4.6188        0.2648         1090          3154         0.0064        0.2368        0.3093        0.1584        Set2
61467.6037    9544.8282     913.6107      0.4271        0.7349        0.5268        30.16         58.21         6.0282        0.4300         3677          3212         0.0129        0.8208        1.0816        1.0224        Set2
61468.2647    9544.8921     913.7957      0.4481        0.7478        0.4899        30.93         60.66         6.2398        0.4438         4387          3221         0.0127        0.6856        1.2716        0.9648        Set2
61457.8470    9537.2508     915.9682      0.8237        -0.3068       0.4769        110.43        61.52         4.2498        0.4275         1311          3184         0.0188        1.0279        0.5278        0.4896        Set3
61457.9269    9537.2246     916.7373      0.8551        -0.3978       0.3324        114.94        70.58         5.0435        0.7485         830           3186         0.0122        0.4972        0.5496        0.3024        Set3
61458.1530    9537.6090     916.5100      0.7832        -0.4078       0.4694        117.51        62.01         4.6459        1.5338         453           3197         0.0156        0.2232        0.6228        0.2736        Set3
61458.3566    9534.8418     912.8685      0.6104        -0.6752       0.4141        137.88        65.54         3.9825        0.6847         422           3210         0.0185        0.4595        0.4032        0.1872        Set3
61458.4702    9534.9122     913.6525      0.7514        -0.5832       0.3089        127.82        72.01         4.0102        0.2206         3664          3211         0.0177        0.5050        0.7060        0.4752        Set3
61458.5077    9536.0577     914.6888      -0.9118       0.3688        0.1806        292.03        79.60         4.5434        0.4921         964           3222         0.0094        0.4268        0.3322        0.2016        Set3
61458.4635    9537.7667     916.8341      0.7874        -0.5681       0.2392        125.81        76.16         4.5646        1.2820         328           3225         0.0112        0.2961        0.4588        0.1872        Set3
61458.6370    9537.7455     915.8018      0.6769        -0.5615       0.4760        129.68        61.57         5.6249        2.2967         295           3243         0.0096        0.5657        0.2073        0.1728        Set3
61458.7574    9536.1052     914.3117      0.7178        -0.6629       0.2130        132.72        77.70         3.1695        0.2213         1865          3258         0.0146        0.4411        0.2937        0.1728        Set3
61458.9189    9535.6394     913.5406      0.7132        -0.5724       0.4047        128.75        66.12         4.6080        0.5306         2102          3269         0.0083        0.3695        0.3775        0.1728        Set3
61459.4806    9535.5720     912.8463      -0.6120       0.7528        0.2424        320.89        75.97         3.9695        0.2645         8180          3287         0.0285        1.1004        0.8556        1.0656        Set3
61459.0611    9538.1091     916.9574      0.5623        -0.6562       0.5031        139.41        59.79         4.4668        0.4270         333           3295         0.0122        0.4824        0.2502        0.1728        Set3
61459.4024    9536.1513     913.7105      0.7601        -0.6331       0.1462        129.79        81.60         3.7295        0.5671         1936          3316         0.0153        0.4536        0.3525        0.1728        Set3
61459.5892    9536.0216     913.3568      0.7885        -0.3705       0.4909        115.17        60.60         3.3077        0.2850         459           3337         0.0104        0.5599        0.1742        0.1872        Set3
61459.7817    9538.0409     915.5110      0.6041        -0.5793       0.5472        133.80        56.82         4.4816        0.0566         1182          3342         0.0123        0.6150        0.6370        0.4896        Set3
61460.4619    9536.8111     913.8435      -0.4769       0.7322        0.4863        326.92        60.90         6.5218        0.4347         3284          3358         0.0088        1.1965        0.4416        0.6624        Set3
61460.0497    9536.0763     912.5817      -0.5192       0.7792        0.3512        326.32        69.44         6.0537        0.5054         1372          3365         0.0068        0.5752        0.4897        0.3024        Set3
61460.1684    9536.5766     913.4761      -0.0727       0.1184        0.9903        328.47        7.99          3.0343        6.7855         842           3373         0.0296        0.5891        0.2018        0.2160        Set3
61460.7660    9536.4631     912.7447      -0.5724       0.7704        0.2806        323.39        73.70         4.3232        0.1244         6255          3401         0.0153        0.7910        0.7832        0.6336        Set3
61460.8540    9537.2318     913.2084      0.8767        -0.4770       0.0628        118.55        86.40         3.5807        1.0362         1492          3407         0.0301        0.8191        0.5313        0.4320        Set3
61460.6844    9537.7546     913.9090      -0.9264       0.3762        0.0159        292.10        89.09         4.2685        0.3728         1655          3408         0.0151        0.5421        0.5532        0.3456        Set3
61460.9213    9538.5519     916.2930      0.6238        -0.6440       0.4427        135.91        63.72         3.9929        0.7605         405           3427         0.0148        0.4322        0.3363        0.1728        Set3
61461.2551    9538.0947     914.5871      -0.5662       0.4629        0.6820        309.27        47.00         4.6488        0.3626         4127          3436         0.0168        0.7902        0.4387        0.4752        Set3
61461.0428    9538.7601     916.0847      0.7850        -0.5802       0.2169        126.47        77.48         4.3490        1.3632         713           3441         0.0185        0.6367        0.3183        0.2304        Set3
61461.4180    9538.1946     913.9374      -0.4414       0.7314        0.5198        328.89        58.68         5.5683        1.0107         629           3456         0.0094        0.6008        0.2530        0.2016        Set3
61461.2774    9538.9255     915.6829      0.5770        -0.5549       0.5992        133.88        53.18         4.8169        0.2210         1609          3457         0.0126        0.7448        0.4358        0.4464        Set3
61461.3831    9539.3332     916.1319      0.6567        -0.4514       0.6042        124.51        52.83         4.8210        0.5876         218           3477         0.0086        0.2979        0.3530        0.1584        Set3
61461.8040    9537.8381     913.3107      -0.8940       0.4010        0.1999        294.16        78.47         4.7806        0.4980         1583          3499         0.0085        0.5515        0.2592        0.1728        Set3
61461.7904    9538.4368     913.9482      -0.7345       0.6380        0.2311        310.98        76.64         3.8386        0.8177         881           3501         0.0179        0.2842        0.5845        0.2016        Set3
61461.8570    9538.4382     914.5541      -0.4463       0.5643        0.6946        321.66        46.01         5.3866        0.3753         1447          3503         0.0061        0.2454        0.3538        0.1584        Set3
61462.4881    9539.5400     915.3205      0.6641        -0.6366       0.3921        133.79        66.91         4.4688        0.4660         18252         3520         0.0415        2.1660        1.1050        2.0880        Set3
61462.3451    9538.2736     912.6237      0.7886        -0.5471       0.2808        124.75        73.69         4.1449        0.3190         8717          3524         0.0316        1.2316        0.9317        1.1520        Set3
61462.0764    9538.3265     913.2196      0.7808        -0.5216       0.3438        123.74        69.89         3.4952        0.2467         1669          3528         0.0174        0.6015        0.4075        0.3168        Set3
61462.1745    9539.5120     916.0815      0.5960        -0.6195       0.5108        136.11        59.28         4.1887        0.1441         873           3532         0.0113        0.4074        0.5101        0.2880        Set3
61462.6155    9538.9312     913.5046      0.6676        -0.6573       0.3498        134.55        69.52         3.6154        0.2883         8937          3550         0.0280        0.8234        0.8066        0.6480        Set3
61462.4738    9538.6682     914.5462      -0.3731       0.6019        0.7060        328.20        45.09         3.9951        0.4841         1600          3557         0.0150        0.4115        0.3997        0.2304        Set3
61462.6186    9539.7451     916.0197      0.8296        -0.4977       0.2531        120.96        75.34         4.5989        0.2052         340           3590         0.0065        0.3309        0.3838        0.1584        Set3
61462.8337    9539.3983     913.4023      -0.5106       0.6246        0.5909        320.74        53.78         4.6777        1.3996         1778          3599         0.0127        0.2634        0.6456        0.2304        Set3
61462.7459    9539.7668     914.7088      -0.9852       0.1689        0.0280        279.73        88.40         4.2451        2.7535         1570          3601         0.0162        0.5703        0.3158        0.1728        Set3
61463.1479    9539.0368     912.2426      0.4545        -0.8512       0.2626        151.90        74.78         3.3793        0.8190         1793          3619         0.0233        0.3849        0.6153        0.3312        Set3
61463.2190    9539.8166     912.7706      0.8338        -0.5521       0.0076        123.51        89.56         2.6627        0.9042         4936          3623         0.0686        1.3050        0.7696        0.8928        Set3
61463.1215    9539.4573     913.5142      -0.6616       0.6072        0.4399        312.55        63.90         5.0097        0.6158         3676          3627         0.0119        0.4463        0.7351        0.5040        Set3
61463.2770    9540.0775     914.5860      0.5210        -0.6743       0.5234        142.31        58.44         4.9953        0.3893         419           3631         0.0075        0.4146        0.2106        0.1728        Set3
61463.6407    9539.8392     913.3414      -0.4461       0.7371        0.5077        328.82        59.49         5.7414        0.1909         1038          3652         0.0072        0.5200        0.5802        0.3600        Set3
61463.8624    9540.6043     915.2424      0.6224        -0.7547       0.2077        140.49        78.01         4.7041        0.1372         6071          3655         0.0224        1.3793        1.2386        1.3680        Set3
61464.7642    9540.3450     913.5320      -0.4589       0.7197        0.5210        327.47        58.60         6.2655        0.1008         16924         3664         0.0186        2.3585        1.6250        3.0672        Set3
61464.0216    9540.5527     914.6289      0.6019        -0.7942       0.0832        142.85        85.23         3.3939        0.3483         555           3675         0.0165        0.4499        0.3355        0.1728        Set3
61464.7665    9541.0553     914.8002      0.7369        -0.6742       0.0495        132.46        87.16         4.2836        0.5568         1127          3701         0.0114        0.5061        0.3942        0.2160        Set3
61465.0092    9540.7589     913.1488      -0.4206       0.7160        0.5572        329.57        56.14         6.7156        0.8361         868           3702         0.0059        0.5785        0.7970        0.3888        Set3
61465.0094    9541.5076     914.8857      0.8201        -0.4278       0.3801        117.55        67.66         3.9759        0.1060         4539          3711         0.0280        0.8659        0.9894        1.0224        Set3
61465.2016    9541.6946     915.4458      0.6220        -0.7104       0.3293        138.79        70.77         4.4313        0.5016         839           3724         0.0141        0.5009        0.5368        0.3168        Set3
61465.6739    9542.0758     914.1698      -0.3741       0.6808        0.6298        331.21        50.96         2.7996        0.6488         2286          3749         0.0451        0.6017        0.7597        0.5040        Set3
61465.6030    9541.3139     912.7980      -0.4151       0.7946        0.4430        332.42        63.70         5.7688        0.6286         656           3751         0.0105        0.5707        0.5953        0.3168        Set3
61465.6924    9542.3176     913.4501      0.7560        -0.5438       0.3643        125.73        68.64         3.8058        0.3221         2549          3766         0.0232        0.6548        0.7851        0.4896        Set3
61465.7502    9542.5683     915.0312      -0.8223       0.5691        0.0034        304.69        89.80         3.6882        0.6671         1674          3769         0.0263        0.6631        0.7784        0.5184        Set3
61465.9367    9542.3740     912.8707      0.6140        -0.6115       0.4990        134.88        60.07         3.7756        0.8630         4196          3774         0.0302        0.7704        0.9182        0.6624        Set3
61466.0881    9542.5082     914.3622      0.7025        -0.5612       0.4377        128.62        64.04         3.4850        0.1008         3964          3777         0.0318        0.8169        0.9115        0.7488        Set3
61465.8982    9541.1348     912.0038      0.6292        -0.2642       0.7309        112.77        43.04         4.3889        0.9772         430           3782         0.0105        0.3575        0.2536        0.2160        Set3
61466.0833    9542.0777     912.4785      0.7027        -0.4174       0.5762        120.71        54.81         4.3200        0.4488         833           3792         0.0107        0.4729        0.3043        0.2160        Set3
61466.2449    9542.6316     913.5749      -0.5015       0.8375        0.2170        329.08        77.47         5.0806        2.7198         428           3804         0.0101        0.1179        0.8114        0.1728        Set3
61466.9867    9543.3138     913.9506      -0.4922       0.7373        0.4628        326.27        62.43         4.2666        0.8083         981           3830         0.0266        0.8313        0.7433        0.4752        Set3
61466.8698    9543.3786     914.8849      0.8032        -0.4747       0.3599        120.58        68.91         5.0128        0.6467         1237          3837         0.0162        1.2459        0.4417        0.6480        Set3
61467.5266    9542.2450     911.8060      -0.6202       0.7802        0.0819        321.52        85.30         5.7916        1.1777         2625          3843         0.0184        1.6451        0.5944        0.7344        Set3
61466.9988    9543.3850     914.2277      0.6356        -0.4822       0.6028        127.19        52.93         4.8159        0.7295         234           3857         0.0102        0.3894        0.2875        0.1584        Set3
61467.1053    9544.7967     913.2975      0.7943        -0.5089       0.3318        122.65        70.62         3.9888        0.0844         1756          3860         0.0165        0.7749        0.6504        0.5184        Set3
61467.6926    9544.3016     912.5337      0.8343        -0.4057       0.3733        115.93        68.08         2.9052        0.4233         2090          3881         0.0446        1.2483        0.8178        0.9360        Set3
61468.1506    9544.8633     912.6781      0.6268        -0.5396       0.5621        130.72        55.80         3.8437        0.1062         1650          3894         0.0235        0.9731        0.6629        0.7200        Set3
61467.9052    9544.9002     913.5787      0.8718        -0.4384       0.2187        116.70        77.37         3.7305        1.2116         1528          3901         0.0337        0.4169        0.9196        0.4896        Set3
61467.8921    9542.9986     911.8428      0.6875        -0.1617       0.7080        103.24        44.93         5.1944        0.1530         233           3903         0.0116        0.6365        0.3320        0.3888        Set3
61468.4526    9544.8024     912.2465      0.9242        -0.1255       0.3608        97.73         68.85         3.5166        0.3062         265           3945         0.0175        0.4928        0.2916        0.2160        Set3
61468.6359    9545.1449     913.6331      -0.7902       0.4641        0.4002        300.43        66.41         3.2828        1.0159         4507          3946         0.0561        0.8800        1.2366        1.1808        Set3
61469.2744    9546.1448     913.5533      -0.7386       0.6142        0.2779        309.75        73.87         4.8366        0.1175         12482         3947         0.0288        2.0727        1.5106        2.2464        Set3
61468.7834    9544.6637     911.6701      0.6101        -0.2202       0.7611        109.85        40.44         5.3964        0.0803         547           3953         0.0083        0.5826        0.3507        0.4176        Set3
61468.5751    9546.1609     915.1617      0.6544        -0.4269       0.6241        123.12        51.38         5.8118        0.5693         95            3961         0.0070        0.5939        0.2387        0.2016        Set3
61469.0976    9547.0882     915.1981      0.6875        -0.5239       0.5028        127.31        59.81         5.2892        0.7169         1791          3974         0.0201        1.3764        0.6409        0.8352        Set3
61468.9512    9545.2400     912.1535      0.7242        -0.5212       0.4516        125.74        63.16         4.8202        0.5189         852           3986         0.0091        0.7118        0.2374        0.2304        Set3
61469.1869    9545.2619     911.6808      0.6793        -0.5483       0.4878        128.91        60.80         3.9388        1.7262         918           4005         0.0141        0.5579        0.1701        0.2016        Set3
61469.7792    9545.9131     912.6213      0.7022        -0.7020       0.1186        134.99        83.19         4.8836        0.9429         2699          4021         0.0230        1.1176        0.5326        0.5904        Set3
61469.9555    9547.5227     913.6956      -0.9031       0.4057        0.1406        294.19        81.92         4.8053        0.2768         1521          4052         0.0081        0.3987        0.4334        0.2736        Set3
61470.6609    9546.7745     912.3697      0.6893        -0.6782       0.2546        134.53        75.25         3.0282        0.4176         18439         4070         0.0786        1.6801        1.1809        1.9440        Set3
61470.8814    9546.3580     911.5794      0.6456        -0.4308       0.6306        123.71        50.91         3.6520        0.5735         2550          4097         0.0199        0.4114        0.4748        0.3312        Set3
61471.1136    9546.7901     911.4900      0.6764        -0.3954       0.6214        120.31        51.58         4.8345        0.8570         2651          4112         0.0169        0.8380        0.4048        0.4320        Set3
61458.0565    9535.6586     914.6550      -0.2564       0.8771        0.4062        343.71        66.03         5.7771        0.8183         9520          5753         0.0143        1.7675        0.6234        1.0080        Set4
61458.1729    9534.8109     913.3174      -0.2313       0.9572        0.1743        346.42        79.96         3.4755        0.3395         6100          5786         0.0366        0.8063        0.9656        0.7488        Set4
61458.5871    9537.8215     916.4491      -0.4650       0.8718        0.1543        331.93        81.12         4.4077        0.6440         30267         5797         0.0520        2.0538        1.2800        2.4624        Set4
61458.7190    9535.8213     913.9786      -0.2943       0.9297        0.2215        342.44        77.20         6.0411        1.1907         7117          5818         0.0130        1.4034        0.5931        0.7344        Set4
61458.2679    9537.4258     915.7479      -0.2525       0.7884        0.5609        342.24        55.88         5.7593        0.9215         1798          5821         0.0070        0.6952        0.1745        0.1728        Set4
61459.9603    9535.9287     912.7993      -0.4960       0.8037        0.3287        328.32        70.81         7.3753        0.5494         56269         5866         0.0119        3.0619        1.0383        2.7792        Set4
61458.6670    9536.1678     914.7041      -0.3107       0.8483        0.4288        339.88        64.61         4.4870        0.1957         2015          5882         0.0070        0.3826        0.2801        0.1728        Set4
61459.2379    9537.1391     914.8082      -0.2552       0.9447        0.2062        344.88        78.10         5.7444        0.7054         7391          5942         0.0131        1.1598        0.5085        0.5904        Set4
61459.9340    9536.4924     913.8181      -0.4605       0.8873        0.0247        332.57        88.59         4.4514        1.2634         26807         5953         0.0450        2.1433        0.8015        1.4976        Set4
61459.5297    9537.7942     915.4150      -0.3682       0.9297        0.0060        338.40        89.66         4.4415        1.6652         2776          5991         0.0205        1.0769        0.3681        0.4608        Set4
61459.3066    9538.2496     916.9251      0.3450        -0.7976       0.4948        156.61        60.34         4.6659        1.3351         465           5995         0.0122        0.4796        0.3320        0.1728        Set4
61459.8301    9538.2386     916.3127      -0.2544       0.9002        0.3533        344.22        69.31         5.2334        0.0233         7874          6061         0.0097        0.7739        0.8126        0.6912        Set4
61459.8798    9536.1820     913.3687      -0.1788       0.9605        0.2133        349.45        77.69         4.3495        0.8298         3110          6065         0.0138        0.6500        0.2625        0.2304        Set4
61460.0531    9537.4334     914.6224      0.1852        -0.9257       0.3298        168.69        70.75         3.5452        0.5703         1103          6104         0.0163        0.4461        0.2672        0.1584        Set4
61460.1733    9538.1992     915.5003      -0.2660       0.9635        0.0309        344.57        88.23         3.5819        0.4788         1845          6117         0.0191        0.5675        0.3614        0.2592        Set4
61460.6388    9537.6361     914.6389      -0.3264       0.8858        0.3299        339.77        70.74         6.3126        0.2503         9062          6155         0.0077        0.8443        0.4785        0.5040        Set4
61460.8268    9538.5566     915.9024      -0.2283       0.8811        0.4142        345.47        65.53         5.2614        0.2634         5707          6162         0.0117        0.9480        0.6368        0.6336        Set4
61464.0109    9540.0175     913.4103      -0.4227       0.7681        0.4811        331.18        61.24         6.9228        0.6291         197840        6208         0.0349        6.4925        2.2229        9.3456        Set4
61461.4188    9538.5919     915.1996      -0.3271       0.9003        0.2873        340.03        73.31         4.9623        2.3499         4361          6239         0.0203        1.1936        0.3140        0.5040        Set4
61461.3232    9536.9688     912.4808      0.2757        -0.9417       0.1930        163.68        78.87         3.6401        1.0334         4707          6245         0.0313        0.7810        0.5522        0.4464        Set4
61461.7319    9538.3387     914.5972      -0.2201       0.6361        0.7395        340.92        42.31         4.5571        0.5077         1172          6349         0.0113        0.3382        0.3018        0.1728        Set4
61461.9209    9538.5143     914.5154      -0.2689       0.6752        0.6869        338.29        46.62         4.7829        0.4209         795           6402         0.0090        0.2556        0.3277        0.1584        Set4
61461.9857    9539.0204     915.3448      0.3414        -0.7987       0.4955        156.86        60.30         5.1651        0.7278         962           6408         0.0074        0.3325        0.3240        0.1584        Set4
61462.4375    9538.6720     913.1552      -0.2179       0.8726        0.4371        345.98        64.08         5.3959        0.9155         11059         6420         0.0133        1.0231        0.8160        0.6624        Set4
61461.9760    9538.8393     915.1250      0.2693        -0.8127       0.5168        161.67        58.88         4.8697        0.3280         632           6429         0.0085        0.2999        0.3200        0.1728        Set4
61462.2837    9538.5940     914.5557      -0.0932       0.8025        0.5893        353.37        53.89         3.2293        0.1085         6773          6448         0.0213        0.6012        0.4698        0.3312        Set4
61462.5645    9539.4250     914.7868      -0.2710       0.7612        0.5892        340.40        53.90         5.1789        0.6261         3367          6568         0.0082        0.3162        0.3659        0.1584        Set4
61463.6462    9540.3422     914.8682      0.5130        -0.8584       0.0024        149.13        89.86         5.6273        1.3286         23111         6570         0.0381        2.7040        1.0504        2.2176        Set4
61462.7480    9539.8325     915.3516      -0.3349       0.9422        0.0126        340.43        89.28         4.0248        1.0737         2964          6573         0.0174        0.5376        0.4836        0.2736        Set4
61462.9294    9539.0096     912.4297      0.1454        -0.9702       0.1936        171.48        78.84         4.9988        0.5336         5743          6600         0.0110        0.5344        0.5626        0.3168        Set4
61463.4106    9540.3674     915.4318      0.3377        -0.9013       0.2715        159.46        74.25         4.1706        0.0971         4826          6662         0.0165        0.6856        0.5817        0.4896        Set4
61463.9523    9540.6348     915.1057      0.5749        -0.8047       0.1483        144.46        81.47         3.2750        0.3518         3014          6727         0.0246        0.4554        0.5885        0.2880        Set4
61464.3866    9541.0712     915.4321      0.3122        -0.8848       0.3460        160.56        69.76         4.1110        0.2124         865           6773         0.0104        0.4505        0.3476        0.2160        Set4
61464.9935    9541.5697     915.4093      0.4780        -0.8634       0.1612        151.03        80.72         4.2024        0.4550         1731          6835         0.0173        0.5819        0.6064        0.3600        Set4
61465.4737    9541.7822     914.3450      -0.1900       0.9705        0.1485        348.92        81.46         4.0462        0.6504         5387          6897         0.0155        0.5392        0.5720        0.3024        Set4
61465.9394    9542.4607     913.7613      -0.1840       0.9144        0.3607        348.62        68.86         5.1157        0.5974         23476         6924         0.0273        0.9178        1.5285        1.3392        Set4
61466.2682    9542.9672     914.9041      0.1144        -0.8882       0.4449        172.66        63.58         4.9042        0.4899         3431          6980         0.0140        0.7416        0.3718        0.4320        Set4
61466.6314    9543.2319     913.8342      -0.3123       0.7799        0.5425        338.18        57.15         5.1799        0.6015         39052         6996         0.0330        1.3738        1.6438        2.2176        Set4
61466.3313    9542.7415     913.0959      -0.2359       0.9366        0.2592        345.86        74.98         5.2896        0.6256         2611          6997         0.0077        0.3128        0.5930        0.2304        Set4
61466.9093    9541.7844     911.9095      -0.5015       0.8200        0.2759        328.55        73.98         5.3182        2.1743         5377          7026         0.0188        1.3391        0.4754        0.5904        Set4
61467.1628    9544.7050     914.2136      -0.2852       0.8166        0.5018        340.75        59.88         5.7099        1.4462         1298          7064         0.0123        0.3469        0.8436        0.3744        Set4
61467.5813    9544.3225     914.6347      -0.3242       0.8281        0.4574        338.62        62.78         6.2341        0.4018         1471          7087         0.0063        0.6035        0.4293        0.2736        Set4
61467.4459    9544.6593     913.9534      0.3045        0.7416        0.5977        22.33         53.29         6.4756        0.5352         980           7089         0.0076        0.3280        0.7537        0.4896        Set4
61467.8277    9544.7374     914.1363      -0.2919       0.8352        0.4661        340.74        62.22         5.4110        0.5885         3752          7100         0.0151        0.9873        1.0303        0.7632        Set4
61467.7316    9545.0180     913.1143      0.0567        -0.9110       0.4085        176.44        65.89         4.4950        1.3994         420           7101         0.0117        0.5691        0.1777        0.1728        Set4
61467.9577    9544.6560     912.6647      0.5815        -0.7676       0.2696        142.86        74.36         4.7817        0.4860         1392          7117         0.0139        0.7764        0.5026        0.3456        Set4
61468.4625    9544.7199     912.0923      -0.2740       0.9348        0.2262        343.67        76.93         7.1343        1.2996         5398          7127         0.0112        1.5720        0.7263        0.7920        Set4
61468.4437    9544.6920     914.0736      -0.1430       0.9864        0.0813        351.75        85.34         3.5206        0.8341         2155          7155         0.0306        0.7154        0.7528        0.4896        Set4
61469.8611    9545.8198     912.0441      -0.2653       0.9357        0.2327        344.17        76.55         7.1033        0.7810         35048         7166         0.0151        3.2822        1.4673        2.7648        Set4
61469.0215    9545.5866     914.3466      0.3782        -0.9253       0.0281        157.77        88.39         4.3143        0.4011         644           7269         0.0104        0.3210        0.4378        0.1584        Set4
61469.1777    9545.8924     913.9309      -0.5874       0.7321        0.3450        321.26        69.82         5.3474        0.8224         1883          7283         0.0130        0.3819        0.8913        0.3888        Set4
61469.4381    9546.2517     913.7364      -0.4091       0.7958        0.4464        332.79        63.49         5.3229        0.3740         1158          7311         0.0066        0.2506        0.4505        0.2016        Set4
61469.6062    9546.3604     913.7727      -0.3659       0.8438        0.3925        336.56        66.89         6.7483        1.0062         5841          7317         0.0125        0.5657        1.3566        0.8352        Set4
61469.6820    9547.9868     914.3711      -0.3017       0.9055        0.2985        341.58        72.63         6.0993        0.3234         798           7326         0.0048        0.4856        0.3900        0.2592        Set4
61470.4897    9546.7503     912.5243      -0.4872       0.8361        0.2521        329.77        75.40         4.1913        0.2912         2346          7390         0.0091        0.3821        0.2884        0.1584        Set4
61471.3110    9547.2435     912.1576      0.4849        -0.8591       0.1635        150.56        80.59         3.7543        0.4032         50248         7392         0.0599        1.8310        1.7465        2.2032        Set4
61457.7706    9536.9595     916.1500      -0.9788       -0.1994       0.0468        258.49        87.32         5.1470        0.9263         2204          9828         0.0154        0.7315        0.6270        0.4032        Set5
61458.4096    9535.4591     913.9720      0.8477        0.3051        0.4339        70.20         64.29         5.3024        0.4135         1381          9888         0.0069        0.4657        0.2041        0.1728        Set5
61458.9836    9536.5476     914.5604      0.9632        0.1654        0.2117        80.25         77.78         4.9142        0.2241         1256          9930         0.0074        0.3661        0.3213        0.1584        Set5
61460.6788    9537.2777     913.9911      0.8461        0.3505        0.4017        67.50         66.32         4.4095        0.0898         1771          9978         0.0118        0.5321        0.4341        0.3456        Set5
61460.9107    9536.8347     912.8930      0.9287        0.3086        0.2058        71.62         78.13         5.7073        0.4629         1834          9991         0.0073        0.5259        0.5883        0.2736        Set5
61461.9969    9538.0819     913.1306      0.8665        0.4930        0.0778        60.36         85.54         6.6702        0.6946         934           10022        0.0067        0.7312        0.5772        0.4032        Set5
61465.6132    9541.9421     913.3936      0.8269        0.5476        0.1277        56.49         82.66         5.3693        0.6014         1177          10113        0.0133        0.7295        0.7939        0.5616        Set5
61466.1797    9542.8045     913.7216      0.8351        0.5432        0.0861        56.96         85.06         5.5269        0.3411         574           10167        0.0057        0.4202        0.3252        0.1584        Set5
61466.2876    9543.0182     913.3439      -0.8308       -0.5559       0.0265        236.21        88.48         3.9336        0.2080         1614          10169        0.0166        0.6516        0.4641        0.4032        Set5
61467.0398    9544.1750     913.4791      0.9739        0.2194        0.0581        77.31         86.67         6.1696        0.2019         3128          10195        0.0096        0.9831        0.8338        0.7200        Set5
61467.5252    9543.0303     912.2255      0.9478        0.2733        0.1643        73.91         80.54         5.3261        0.8925         489           10231        0.0067        0.4900        0.1516        0.1584        Set5
61468.9191    9545.7029     913.3100      -0.9804       -0.1797       0.0802        259.61        85.40         4.0175        0.3374         849           10302        0.0118        0.4387        0.2913        0.1728        Set5
61469.6284    9546.9481     914.4711      0.9633        0.2483        0.1017        75.54         84.16         5.2631        0.0322         4732          10320        0.0129        0.9635        0.9571        0.9792        Set5
61469.5316    9547.5501     914.2737      -0.9520       -0.3057       0.0154        252.20        89.12         5.5002        0.2417         1700          10325        0.0081        0.6663        0.4861        0.3744        Set5
61469.9032    9547.0275     913.3467      0.9381        0.2917        0.1868        72.73         79.23         3.1035        0.6605         983           10366        0.0166        0.2255        0.3695        0.1584        Set5
