61439.0893    9531.6280     915.9539      -0.9524       -0.2551       0.1670        255.01        80.39         4.6061        0.7204         751           6199         0.0096        0.4441        0.2275        0.1584        Set1
61439.1640    9531.5606     916.2198      -0.9532       -0.2218       0.2056        256.90        78.14         4.8725        0.6824         859           6236         0.0082        0.4843        0.2796        0.2160        Set1
61439.4699    9531.3459     915.1030      -0.9969       -0.0570       0.0543        266.73        86.89         4.9690        0.4139         1210          6331         0.0079        0.4238        0.3762        0.2160        Set1
61440.0302    9532.4825     918.3645      -0.9355       0.1468        0.3213        278.92        71.26         4.4486        0.3343         9394          6360         0.0363        1.7782        1.5966        1.9584        Set1
61440.3778    9532.8566     919.3201      -0.9917       0.1206        0.0436        276.93        87.50         4.4526        0.3544         879           6446         0.0121        0.5280        0.3985        0.2304        Set1
61440.3155    9533.2332     920.5029      0.9937        0.0793        0.0789        85.44         85.48         4.9486        0.3287         601           6454         0.0067        0.4074        0.2953        0.1728        Set1
61440.4507    9531.3121     916.7493      -0.9912       -0.0856       0.1006        265.06        84.22         5.9435        1.0532         1041          6470         0.0057        0.5473        0.1557        0.1728        Set1
61440.5302    9533.2545     919.1524      0.9917        0.0192        0.1273        88.89         82.69         5.4447        0.2635         1490          6488         0.0096        0.5519        0.6233        0.4464        Set1
61441.1674    9530.1556     915.2586      -0.8920       -0.2068       0.4019        256.95        66.30         4.1826        0.0718         1523          6533         0.0109        0.4150        0.4598        0.2448        Set1
61441.2453    9531.4283     918.4263      -0.9907       -0.1276       0.0463        262.66        87.35         5.1031        0.5203         6758          6542         0.0158        0.6998        1.1879        0.8496        Set1
61441.3512    9532.2403     919.9050      -0.9753       -0.2184       0.0342        257.38        88.04         4.8927        0.4593         536           6570         0.0093        0.4300        0.4242        0.2016        Set1
61442.2615    9530.2084     916.1362      -0.9726       0.1946        0.1270        281.31        82.70         5.6924        0.6845         1067          6630         0.0074        0.4682        0.4026        0.2016        Set1
61442.4085    9530.6625     917.3205      0.9924        0.0653        0.1041        86.23         84.02         4.5884        0.3118         17278         6641         0.0388        1.5011        1.5478        2.0736        Set1
61443.2905    9530.5211     918.0682      0.9392        -0.3434       0.0068        110.09        89.61         5.3692        0.1515         130           6688         0.0050        0.3740        0.4117        0.1872        Set1
61443.4181    9530.6656     918.8073      -0.9871       -0.1449       0.0679        261.65        86.10         5.1690        0.4580         742           6714         0.0070        0.4466        0.3237        0.2160        Set1
61443.4927    9530.9198     918.5684      0.9962        -0.0876       0.0020        95.02         89.88         4.4801        0.7456         753           6721         0.0140        0.8068        0.4685        0.4176        Set1
61443.5791    9530.0682     916.9023      0.9949        0.0940        0.0365        84.60         87.91         3.6703        0.0833         3259          6726         0.0170        0.5983        0.5398        0.4608        Set1
61443.8155    9530.1473     917.4285      0.9858        0.0638        0.1552        86.30         81.07         6.3376        0.2936         4874          6760         0.0071        0.9872        0.4360        0.6048        Set1
61444.6351    9529.9428     915.3999      0.9807        -0.0438       0.1908        92.56         79.00         4.7305        0.3620         986           6826         0.0080        0.3308        0.4051        0.1728        Set1
61444.9645    9530.1306     916.0810      -0.9696       0.0550        0.2386        273.25        76.20         4.0842        0.2731         218           6853         0.0117        0.3472        0.3484        0.1584        Set1
61445.0355    9530.4344     916.5383      0.9407        -0.3385       0.0223        109.79        88.72         3.2441        0.0435         154           6858         0.0105        0.3133        0.3364        0.1584        Set1
61445.5882    9530.1312     915.3551      0.9895        -0.1005       0.1039        95.80         84.04         6.2754        0.1243         436           6896         0.0040        0.3867        0.4488        0.2160        Set1
61445.5939    9530.5276     915.8279      0.9813        -0.1339       0.1379        97.77         82.07         6.8427        0.4245         534           6898         0.0047        0.6919        0.2612        0.3312        Set1
61445.8004    9530.4415     917.4239      -0.9391       0.0244        0.3428        271.49        69.95         2.7657        0.3553         523           6915         0.0266        0.4183        0.4917        0.2880        Set1
61445.8099    9530.6389     917.1846      0.9293        -0.3223       0.1802        109.13        79.62         4.1255        0.6148         149           6916         0.0092        0.3282        0.3095        0.1584        Set1
61445.9229    9530.5491     918.2015      -0.9972       0.0532        0.0516        273.05        87.04         6.0704        0.2913         3893          6921         0.0078        0.8997        0.5645        0.5328        Set1
61445.8480    9531.0984     916.7385      -0.9934       0.1061        0.0431        276.10        87.53         5.8563        1.5684         85            6928         0.0062        0.2727        0.5189        0.1728        Set1
61445.8950    9530.9664     916.8691      -0.9149       0.3182        0.2485        289.18        75.61         4.7158        1.0539         88            6945         0.0105        0.3529        0.4570        0.1584        Set1
61451.5335    9530.9804     914.1284      0.9092        0.0487        0.4134        86.94         65.58         5.2447        0.6106         492           7054         0.0120        0.7109        0.2875        0.3312        Set1
61455.1308    9534.1898     915.4798      -0.9882       -0.0001       0.1532        270.00        81.19         5.5769        0.1301         5706          7141         0.0120        0.9309        0.7246        0.8496        Set1
61455.8180    9535.2849     916.4583      0.9889        -0.1486       0.0004        98.55         89.98         2.5784        0.1129         882           7184         0.0231        0.5565        0.4513        0.3312        Set1
61457.0918    9535.3339     915.3604      -0.9637       0.0580        0.2606        273.44        74.90         3.2591        1.4579         1121          7252         0.0266        0.4218        0.5154        0.2016        Set1
61457.2057    9535.7879     915.4644      0.9978        -0.0263       0.0604        91.51         86.54         3.8327        0.3550         4125          7257         0.0233        0.7593        0.6148        0.5472        Set1
61457.3451    9534.9635     914.5237      0.9697        -0.0248       0.2431        91.47         75.93         4.1074        0.0344         2768          7261         0.0131        0.5921        0.5248        0.3600        Set1
61438.5501    9532.1425     915.0312      -0.5716       -0.6499       0.5009        221.33        59.94         4.0839        0.6096         1363          2058         0.0162        0.6552        0.3763        0.3456        Set2
61438.7053    9532.4539     917.2895      -0.4736       -0.5715       0.6702        219.65        47.92         4.9039        1.4513         239           2110         0.0104        0.5350        0.1602        0.2016        Set2
61439.7524    9530.9403     915.4530      0.5872        0.8076        0.0554        36.02         86.82         6.3757        0.2471         62354         2130         0.0176        2.5173        1.9029        3.5856        Set2
61439.3118    9531.7112     916.6840      -0.3906       -0.7350       0.5543        207.99        56.34         4.7202        1.9396         3660          2173         0.0311        1.4401        0.4079        0.7344        Set2
61439.5752    9532.3031     917.4217      -0.6865       -0.7176       0.1174        223.73        83.26         4.9447        1.0028         1512          2259         0.0135        0.7755        0.2795        0.2880        Set2
61440.0220    9531.8730     917.0792      -0.4591       -0.7747       0.4348        210.65        64.23         4.1480        2.5477         469           2300         0.0122        0.4912        0.1753        0.1584        Set2
61440.4102    9531.7632     918.4481      0.4993        0.8567        0.1294        30.23         82.56         5.0523        0.6883         33651         2309         0.0368        1.1578        2.0183        1.9728        Set2
61440.3340    9532.2766     919.8445      -0.6593       -0.7509       0.0379        221.28        87.83         5.3233        0.6706         1530          2333         0.0086        0.2289        0.6912        0.3168        Set2
61440.6757    9531.7538     919.4181      -0.6841       -0.6801       0.2636        225.17        74.72         5.4361        0.9823         1129          2387         0.0074        0.5846        0.1601        0.1872        Set2
61440.9858    9531.6889     917.6053      0.4616        0.8565        0.2311        28.32         76.64         5.7348        0.3604         13205         2396         0.0148        1.0276        1.1388        0.9504        Set2
61441.1685    9530.3592     915.5272      -0.5324       -0.8332       0.1492        212.58        81.42         4.1357        0.2909         4957          2413         0.0185        0.5068        0.7232        0.4464        Set2
61441.4477    9529.6547     914.7929      0.5178        0.8554        0.0075        31.19         89.57         5.6362        0.7447         2789          2452         0.0135        0.8270        0.6680        0.4032        Set2
61441.6084    9530.9775     918.3319      0.5261        0.8090        0.2624        33.04         74.79         5.2272        0.3646         7293          2457         0.0154        1.0071        0.5470        0.6768        Set2
61441.8237    9531.3026     917.5126      0.4671        0.8101        0.3544        29.97         69.24         5.6015        0.2718         20929         2462         0.0180        1.4407        1.0222        1.4256        Set2
61442.4073    9530.9298     919.0130      -0.5464       -0.7533       0.3661        215.95        68.53         5.7172        0.5652         50280         2488         0.0393        3.1760        2.2661        4.3056        Set2
61442.6022    9530.1179     916.4767      0.3921        0.8910        0.2290        23.75         76.76         4.4621        0.3034         876           2610         0.0101        0.4548        0.3980        0.2160        Set2
61442.7514    9529.9294     916.7698      0.3609        0.9300        0.0693        21.21         86.03         4.3039        0.4999         1327          2619         0.0106        0.4194        0.2704        0.1584        Set2
61442.8202    9530.1604     915.8108      -0.3307       -0.8103       0.4838        202.20        61.07         4.0676        0.8232         1064          2630         0.0146        0.5112        0.2794        0.2016        Set2
61443.0762    9529.3514     914.7272      -0.3193       -0.8672       0.3822        200.22        67.53         5.1339        0.3693         1562          2636         0.0106        0.6153        0.3964        0.3024        Set2
61443.3354    9530.0219     916.0429      -0.4622       -0.6112       0.6425        217.10        50.02         4.3787        0.3774         1128          2661         0.0099        0.4320        0.2474        0.1584        Set2
61443.5041    9529.6045     915.1272      -0.5218       -0.8198       0.2360        212.48        76.35         5.3069        0.4196         3503          2666         0.0099        0.7536        0.4835        0.4464        Set2
61443.7036    9530.8709     919.1889      0.4968        0.8347        0.2376        30.76         76.26         4.0368        0.8834         649           2709         0.0088        0.3817        0.2451        0.1584        Set2
61451.7416    9532.0201     914.8974      0.6757        0.6086        0.4160        47.99         65.42         5.1275        0.0216         694           2931         0.0079        0.5779        0.4240        0.3456        Set2
61453.3485    9532.1451     913.9415      -0.3545       -0.8407       0.4092        202.87        65.85         4.0827        0.4296         1080          2960         0.0117        0.3988        0.2855        0.1728        Set2
61453.5486    9532.2304     914.1065      -0.6091       -0.7924       0.0327        217.55        88.12         3.7006        0.9898         959           2965         0.0154        0.5163        0.2938        0.2160        Set2
61453.8664    9533.6049     915.7499      0.6525        0.6395        0.4065        45.58         66.02         6.2422        0.3827         2622          2970         0.0079        0.9484        0.4334        0.5904        Set2
61454.1351    9532.2850     914.1943      -0.3374       -0.7336       0.5899        204.70        53.85         4.6663        0.9849         838           2995         0.0086        0.4345        0.2028        0.1584        Set2
61454.2283    9533.3954     915.4196      0.6588        0.6464        0.3849        45.54         67.36         5.5224        0.2333         1857          3002         0.0077        0.4176        0.5814        0.3888        Set2
61455.3041    9533.1276     914.4566      0.6618        0.6497        0.3741        45.53         68.03         5.4431        0.2812         1669          3018         0.0075        0.4717        0.3697        0.2304        Set2
61438.7514    9531.9435     915.6101      -0.8081       0.5341        0.2483        303.46        75.62         3.6539        0.6298         738           2390         0.0215        0.3907        0.7107        0.3888        Set3
61440.2442    9532.5138     919.0919      0.9055        -0.4242       0.0061        115.10        89.65         5.0393        0.1825         2703          2470         0.0211        1.3286        1.1058        1.1952        Set3
61440.1456    9532.8150     918.4964      -0.8163       0.2772        0.5067        288.76        59.56         5.5203        0.3171         242           2472         0.0055        0.3202        0.4004        0.1584        Set3
61440.3593    9533.0039     919.9300      0.9064        -0.4207       0.0396        114.90        87.73         6.0321        0.2934         735           2490         0.0080        0.7026        0.7533        0.5184        Set3
61440.3774    9533.5131     918.8109      -0.8526       0.4608        0.2465        298.39        75.73         6.1779        0.2043         306           2491         0.0042        0.4929        0.3437        0.2016        Set3
61440.5529    9533.4697     919.3589      -0.8342       0.5499        0.0417        303.39        87.61         6.3151        0.1819         196           2505         0.0037        0.2999        0.4542        0.1584        Set3
61440.9684    9531.5993     918.9141      -0.6786       0.7245        0.1204        316.87        83.08         3.8384        0.8690         714           2515         0.0235        0.5908        0.7112        0.4464        Set3
61441.1331    9531.6056     918.5183      -0.8181       0.5629        0.1180        304.53        83.22         4.2921        0.3521         225           2521         0.0058        0.3955        0.2697        0.1584        Set3
61441.1436    9531.6774     918.0321      -0.7950       0.6028        0.0674        307.17        86.13         6.3751        0.3900         232           2522         0.0032        0.2375        0.5738        0.1728        Set3
61441.3543    9530.8924     916.3998      0.9028        -0.3892       0.1832        113.32        79.45         5.8741        0.9364         950           2526         0.0109        0.9138        0.4450        0.4896        Set3
61441.2258    9531.9671     919.3884      0.9350        -0.3497       0.0587        110.51        86.63         4.7960        0.5028         245           2529         0.0088        0.5800        0.2439        0.2448        Set3
61443.1906    9530.3828     917.6694      0.8991        -0.4368       0.0298        115.91        88.29         6.1567        0.9158         12172         2580         0.0278        1.9691        2.9842        2.9088        Set3
61443.1092    9530.0614     915.9460      0.7079        -0.5923       0.3846        129.92        67.38         5.5480        0.9521         348           2586         0.0102        0.3359        0.6518        0.3024        Set3
61443.6801    9530.0723     916.0335      0.8205        -0.3847       0.4228        115.12        64.99         5.0322        0.1283         499           2610         0.0053        0.3832        0.2767        0.1728        Set3
61444.0792    9529.6982     914.9977      0.6440        -0.7242       0.2467        138.36        75.72         4.9770        0.5699         1734          2621         0.0225        0.9796        1.0061        0.8352        Set3
61444.1799    9529.9306     917.2405      0.6595        -0.7325       0.1688        138.00        80.28         4.8076        0.2256         1330          2624         0.0134        0.5153        0.7111        0.3888        Set3
61444.3004    9530.6512     918.6562      0.7853        -0.4656       0.4080        120.66        65.92         4.4272        0.7484         229           2640         0.0131        0.3715        0.4225        0.2160        Set3
61444.3968    9529.9764     916.5186      -0.7403       0.6526        0.1615        311.40        80.71         4.3177        0.7426         194           2642         0.0112        0.3378        0.4049        0.2016        Set3
61444.9163    9530.2784     916.6410      -0.7260       0.6463        0.2351        311.68        76.40         4.0057        0.4179         1239          2671         0.0290        0.9416        0.7409        0.7920        Set3
61444.7919    9530.1310     917.3759      0.8732        -0.4775       0.0978        118.67        84.39         4.6167        0.5776         599           2672         0.0145        0.6110        0.3737        0.2736        Set3
61445.1568    9529.5422     914.3694      0.5590        -0.6434       0.5230        139.02        58.46         5.9067        0.3275         3986          2682         0.0103        1.0544        0.5067        0.7056        Set3
61444.8679    9529.9466     915.6478      0.9380        -0.2960       0.1803        107.52        79.61         5.5906        0.5531         320           2684         0.0069        0.5279        0.3569        0.2592        Set3
61445.1290    9530.7839     918.3935      0.7729        -0.6119       0.1677        128.37        80.35         4.7191        0.8878         1812          2694         0.0217        0.7643        0.9209        0.6480        Set3
61445.3545    9530.7450     916.5714      -0.4266       0.7458        0.5117        330.23        59.23         4.9782        0.8920         319           2709         0.0080        0.3602        0.3273        0.2016        Set3
61445.5550    9529.9709     915.1543      -0.8449       0.5244        0.1058        301.82        83.93         5.1383        0.8668         1175          2716         0.0112        0.4130        0.6466        0.3600        Set3
61446.6692    9530.9715     917.4598      -0.4756       0.6431        0.6002        323.51        53.11         6.2382        0.2790         13835         2728         0.0253        2.3329        1.6540        3.8880        Set3
61445.8098    9531.0366     916.0828      -0.5539       0.7541        0.3527        323.70        69.34         3.5812        0.6349         815           2729         0.0184        0.5066        0.4586        0.2736        Set3
61447.9980    9531.5933     917.7498      -0.4937       0.6604        0.5658        323.22        55.54         6.4936        0.9610         990           2795         0.0068        0.2948        0.7059        0.3168        Set3
61448.5761    9531.7146     917.9444      -0.4095       0.6974        0.5882        329.58        53.97         4.9673        0.6022         239           2808         0.0068        0.3023        0.3256        0.1584        Set3
61449.2399    9532.4674     916.8121      -0.4151       0.7042        0.5760        329.49        54.83         6.9047        1.3201         396           2820         0.0061        0.1643        0.7196        0.2304        Set3
61449.8341    9531.9947     915.3313      -0.4921       0.8295        0.2642        329.32        74.68         5.1349        0.2316         165           2827         0.0079        0.5194        0.3135        0.2016        Set3
61450.2576    9529.9703     913.9718      -0.5452       0.8377        0.0306        326.94        88.25         4.1434        1.9693         638           2832         0.0213        0.8616        0.4382        0.3888        Set3
61451.1881    9530.3715     913.9540      -0.5530       0.7687        0.3213        324.27        71.26         5.2833        0.2715         364           2851         0.0062        0.4776        0.3016        0.1728        Set3
61451.2037    9531.7265     914.9492      -0.5089       0.6349        0.5813        321.28        54.46         5.3894        0.3666         468           2853         0.0079        0.3581        0.4087        0.2016        Set3
61451.4540    9531.9287     915.0424      -0.9099       0.3930        0.1331        293.36        82.35         4.8171        0.4871         211           2857         0.0116        0.4628        0.4814        0.2304        Set3
61452.9451    9533.0303     915.3958      -0.4196       0.7446        0.5191        330.60        58.73         3.8093        0.1219         300           2905         0.0112        0.3689        0.2989        0.1584        Set3
61452.8637    9533.5556     917.0708      -0.5302       0.8162        0.2296        326.99        76.73         5.5203        0.6782         302           2906         0.0091        0.3017        0.6380        0.2592        Set3
61452.9998    9531.8571     914.0512      0.7260        -0.4910       0.4816        124.07        61.21         4.5537        0.7200         217           2908         0.0098        0.3311        0.3288        0.1584        Set3
61453.2816    9532.2941     914.6571      -0.6672       0.5477        0.5049        309.38        59.68         4.4376        0.6880         1836          2911         0.0157        1.0213        0.3811        0.4752        Set3
61453.5870    9533.4286     915.4017      -0.4988       0.7410        0.4495        326.05        63.29         7.0571        0.6069         1009          2928         0.0062        0.8975        0.2510        0.3456        Set3
61454.3006    9532.3722     914.2401      0.7013        -0.5156       0.4922        126.32        60.51         4.4829        0.7174         430           2959         0.0107        0.4424        0.2533        0.1584        Set3
61454.5971    9532.2157     913.5604      0.6013        -0.6491       0.4659        137.19        62.23         4.9864        0.1405         1703          2963         0.0126        0.7700        0.6850        0.6192        Set3
61454.6366    9531.9084     913.1662      0.7142        -0.6128       0.3382        130.63        70.23         4.6548        0.2394         662           2966         0.0081        0.4609        0.3354        0.1728        Set3
61454.7001    9532.8326     914.5219      -0.7048       0.5599        0.4356        308.46        64.18         5.2964        0.3653         1479          2975         0.0090        0.7902        0.4534        0.3456        Set3
61454.9982    9533.7536     915.2654      -0.5106       0.7726        0.3773        326.54        67.83         4.6413        0.0607         955           2977         0.0139        0.7416        0.6526        0.4464        Set3
61455.3474    9532.6161     913.5036      0.7889        -0.6124       0.0511        127.82        87.07         4.2845        0.4749         427           3014         0.0097        0.4573        0.2996        0.1728        Set3
61456.1754    9533.7758     914.2492      0.7079        -0.7050       0.0431        134.88        87.53         3.5436        0.3289         11791         3030         0.0594        1.7554        1.3719        2.1456        Set3
61455.7980    9532.6836     913.1104      0.7102        -0.5867       0.3891        129.56        67.10         4.8309        0.5474         929           3034         0.0133        0.6592        0.4086        0.3312        Set3
61455.8120    9535.2920     916.4219      -0.9629       0.2693        0.0190        285.62        88.91         3.6075        1.0079         623           3048         0.0242        0.5246        0.5161        0.2880        Set3
61456.7247    9533.5226     913.1639      -0.6078       0.7557        0.2440        321.19        75.87         5.4675        1.5495         1582          3076         0.0146        1.1474        0.3457        0.4032        Set3
61457.1548    9534.5947     914.3830      -0.6070       0.5905        0.5318        314.21        57.87         5.9558        0.1525         3835          3115         0.0068        0.6972        0.4176        0.3888        Set3
61457.2085    9535.6543     915.3316      -0.9006       0.3899        0.1922        293.41        78.92         4.6639        0.7791         270           3139         0.0120        0.2106        0.5660        0.2016        Set3
61457.6151    9534.6493     913.7256      0.5851        -0.8094       0.0498        144.14        87.14         4.9753        0.5359         2307          3145         0.0163        0.7542        0.8232        0.4896        Set3
61457.4248    9535.1871     914.4472      0.8699        -0.4491       0.2038        117.31        78.24         3.4032        0.2872         570           3156         0.0211        0.7218        0.3687        0.3024        Set3
61457.6510    9533.9298     912.7917      0.8118        -0.3338       0.4791        112.35        61.37         4.9134        0.7862         631           3162         0.0094        0.6233        0.2379        0.2016        Set3
61438.9394    9532.1356     917.0577      -0.0715       -0.8305       0.5524        184.92        56.47         5.3699        0.8181         722           3220         0.0085        0.3958        0.3789        0.2160        Set4
61440.0124    9532.0358     917.8037      -0.3435       0.8610        0.3750        338.25        67.98         4.2140        0.5985         1989          3400         0.0169        0.3682        0.6361        0.2592        Set4
61440.3069    9530.5040     916.1570      -0.2067       -0.9527       0.2229        192.24        77.12         3.8985        0.6852         2921          3426         0.0142        0.3798        0.5194        0.2736        Set4
61440.2739    9531.7664     918.9203      -0.1915       -0.9631       0.1892        191.25        79.10         3.9130        0.6493         1272          3435         0.0112        0.3183        0.3256        0.1584        Set4
61440.8332    9530.4090     915.7523      -0.0670       0.9936        0.0913        356.14        84.76         3.5897        0.2376         25262         3479         0.0364        1.1902        1.2241        1.1664        Set4
61440.7915    9532.3259     919.9155      -0.3958       0.8717        0.2889        335.58        73.21         6.3555        0.4506         6067          3491         0.0072        0.8593        0.3942        0.4320        Set4
61440.7400    9531.6008     918.6039      0.0680        0.9781        0.1965        3.98          78.67         4.5224        4.3366         6303          3501         0.0362        0.4359        1.5611        0.7632        Set4
61440.8768    9531.7045     917.7871      0.3606        0.8972        0.2549        21.90         75.23         5.6076        0.2890         5297          3544         0.0097        0.5311        0.7946        0.5040        Set4
61441.7072    9529.7230     915.0148      0.0162        -0.9788       0.2043        179.05        78.21         3.4277        0.3792         13886         3652         0.0369        0.8795        1.1170        0.9072        Set4
61441.7201    9531.4253     917.3709      0.3171        0.8781        0.3582        19.86         69.01         5.4128        0.3881         4860          3696         0.0098        0.5905        0.6216        0.4320        Set4
61441.8644    9530.8732     918.4827      0.3351        -0.8739       0.3522        159.02        69.38         3.9329        0.0300         1960          3720         0.0098        0.3778        0.4377        0.2160        Set4
61441.9661    9529.4024     914.5081      -0.2574       -0.8779       0.4037        196.34        66.19         4.6847        0.7097         1454          3729         0.0103        0.5020        0.2289        0.2016        Set4
61442.1050    9531.1630     917.7647      -0.3501       0.8715        0.3434        338.11        69.92         4.4950        0.0430         3735          3749         0.0119        0.5996        0.5540        0.3456        Set4
61442.2182    9529.4686     914.7137      0.2259        0.9696        0.0939        13.11         84.61         4.7676        0.5884         2522          3779         0.0114        0.5786        0.4058        0.3024        Set4
61442.1415    9530.2698     916.0675      0.0733        -0.9361       0.3441        175.53        69.88         4.9767        1.5051         3273          3786         0.0174        0.3684        0.8405        0.3456        Set4
61442.5795    9529.4971     914.9508      0.1673        0.9837        0.0657        9.65          86.23         3.4537        0.7169         7156          3802         0.0322        1.0641        0.5163        0.5760        Set4
61442.1875    9531.2088     917.2966      0.3690        0.8911        0.2643        22.50         74.68         5.0671        0.1903         1498          3810         0.0075        0.3728        0.4669        0.2160        Set4
61442.5264    9530.1764     916.0497      -0.4088       0.9001        0.1508        335.58        81.33         5.2280        0.1660         7561          3821         0.0107        0.6829        0.5841        0.4320        Set4
61442.7038    9530.0827     915.6994      0.0366        -0.8720       0.4881        177.60        60.79         4.6156        0.5744         1235          3868         0.0093        0.5175        0.2530        0.2160        Set4
61443.2041    9529.2200     914.5250      -0.0118       -0.8864       0.4627        180.76        62.44         4.0465        0.3705         6576          3874         0.0270        1.0791        0.7633        0.7488        Set4
61442.8917    9529.8309     915.3962      -0.3137       0.8704        0.3794        340.18        67.70         5.0924        0.7056         2703          3880         0.0098        0.6503        0.2994        0.2448        Set4
61442.8201    9529.9993     917.5064      0.1095        -0.9937       0.0227        173.71        88.70         4.2911        1.7634         10695         3882         0.0317        0.4890        1.2910        0.6912        Set4
61442.6328    9531.0867     919.6266      -0.2744       -0.9218       0.2740        196.58        74.10         5.5821        0.8599         1236          3885         0.0084        0.3727        0.5470        0.2448        Set4
61442.7337    9529.9455     916.6541      -0.1870       -0.9823       0.0089        190.78        89.49         4.7044        0.5435         2531          3888         0.0084        0.3194        0.4333        0.1728        Set4
61443.0454    9530.6616     919.0434      0.1580        -0.9429       0.2933        170.49        72.95         4.6532        0.5910         7337          3905         0.0192        0.5091        0.9480        0.6048        Set4
61442.9717    9530.0513     916.3964      -0.4220       0.8597        0.2878        333.86        73.27         3.8621        0.2380         1208          3915         0.0097        0.2547        0.3601        0.1584        Set4
61443.4925    9529.9377     915.8164      -0.3172       0.8998        0.2996        340.58        72.57         5.2750        0.1592         3809          3971         0.0070        0.5558        0.4171        0.2736        Set4
61443.6400    9530.3980     916.4388      0.0603        0.9980        0.0179        3.45          88.97         4.7065        1.0507         2601          3989         0.0160        0.8227        0.3746        0.3456        Set4
61443.5471    9530.6152     917.7348      -0.0567       0.9554        0.2900        356.61        73.14         4.9459        0.4446         3150          4010         0.0108        0.4035        0.6546        0.3024        Set4
61444.0265    9530.5894     918.3137      -0.2533       0.9179        0.3055        344.57        72.21         4.9282        0.1789         19690         4044         0.0206        1.2379        0.9420        1.1664        Set4
61443.8092    9529.8256     916.7802      -0.0406       0.9709        0.2360        357.61        76.35         4.4317        0.1866         4524          4057         0.0121        0.4805        0.5182        0.2880        Set4
61443.9242    9529.5927     914.9174      -0.2060       0.9711        0.1205        348.03        83.08         3.9765        0.1604         1914          4082         0.0094        0.3080        0.3625        0.1728        Set4
61444.0120    9529.8456     917.3792      0.4897        -0.8387       0.2383        149.72        76.21         4.5665        0.0486         1974          4099         0.0083        0.4668        0.4299        0.2304        Set4
61444.0895    9530.0441     916.1664      0.0746        -0.8797       0.4696        175.15        61.99         3.6396        0.1572         1494          4102         0.0098        0.3634        0.2127        0.1584        Set4
61444.2252    9529.7823     914.8445      0.2020        -0.7647       0.6119        165.20        52.27         5.0950        0.6455         519           4128         0.0078        0.2651        0.3729        0.1584        Set4
61444.2131    9529.8418     916.6271      -0.2485       0.8994        0.3597        344.56        68.92         4.3884        0.3885         3806          4130         0.0142        0.5306        0.5902        0.3888        Set4
61444.3578    9529.4428     914.5111      0.1234        -0.8805       0.4577        172.02        62.76         4.7950        0.4708         1496          4147         0.0107        0.4932        0.3082        0.1728        Set4
61444.4852    9530.1066     916.2420      -0.0059       -0.9999       0.0090        180.34        89.49         3.5697        0.1122         1083          4222         0.0101        0.2806        0.4336        0.1728        Set4
61444.7392    9529.2672     914.3754      0.0305        -0.9021       0.4304        178.06        64.51         4.3053        0.0911         2406          4255         0.0075        0.2868        0.3646        0.1728        Set4
61445.3840    9529.9430     914.9810      -0.0562       0.8663        0.4963        356.29        60.24         5.4514        0.4615         16698         4287         0.0212        1.8896        0.8308        1.2384        Set4
61444.8522    9530.2486     916.5851      -0.4010       0.8459        0.3516        334.64        69.41         4.6034        0.3278         1898          4296         0.0087        0.3706        0.4598        0.2592        Set4
61444.8605    9530.5306     918.2296      0.2558        -0.9417       0.2186        164.80        77.37         3.5188        0.3476         669           4300         0.0135        0.4069        0.2905        0.1584        Set4
61445.2524    9530.4149     916.1631      -0.4096       0.8469        0.3391        334.19        70.18         5.6714        0.4720         2034          4379         0.0067        0.5587        0.2701        0.2016        Set4
61445.4202    9530.5043     916.9287      -0.3318       0.7365        0.5895        335.75        53.88         5.5517        0.3257         13312         4401         0.0167        0.9422        1.1142        1.1808        Set4
61445.3139    9531.0425     918.6990      0.3936        -0.8855       0.2470        156.03        75.70         3.1750        0.5212         693           4412         0.0161        0.4192        0.2303        0.1584        Set4
61445.6238    9530.6892     918.1722      -0.1978       0.6857        0.7005        343.91        45.54         4.0673        0.0894         1706          4485         0.0094        0.4658        0.3282        0.2160        Set4
61446.0332    9530.4690     915.3372      -0.3294       0.9245        0.1917        340.39        78.95         6.5678        0.2190         7163          4502         0.0066        0.9848        0.5079        0.5904        Set4
61450.1263    9532.6140     916.9603      -0.2613       0.8231        0.5042        342.39        59.72         6.1447        1.2316         322730        4550         0.0979        11.2397       2.5396        22.2912       Set4
61446.1202    9531.1027     916.9258      -0.4808       0.7191        0.5017        326.23        59.89         5.1955        0.3650         903           4572         0.0069        0.5072        0.2424        0.2160        Set4
61447.3378    9530.9963     915.7257      -0.2493       0.8764        0.4121        344.12        65.66         5.0399        1.7661         18992         4621         0.0409        2.7617        0.6016        1.9872        Set4
61446.5368    9530.3721     915.0143      0.1682        -0.9815       0.0913        170.27        84.76         3.3108        0.4925         2115          4633         0.0184        0.4638        0.3629        0.2304        Set4
61447.1343    9529.7944     914.3220      0.0538        -0.9201       0.3880        176.65        67.17         4.8230        0.8062         3855          4675         0.0199        0.9116        0.6187        0.4752        Set4
61446.9067    9530.3558     915.1960      -0.0631       0.9736        0.2193        356.29        77.33         3.6364        1.0442         1140          4679         0.0167        0.5369        0.2931        0.2016        Set4
61447.2919    9530.0314     914.7983      -0.2136       0.8645        0.4549        346.12        62.94         3.5548        0.5042         3104          4724         0.0181        0.5043        0.4160        0.2736        Set4
61448.0181    9529.5791     914.1036      -0.3098       0.8829        0.3527        340.66        69.35         5.6735        1.1513         7288          4763         0.0161        1.4118        0.5520        0.7344        Set4
61448.0697    9529.9134     914.6534      -0.2571       0.9664        0.0003        345.10        89.99         5.1842        1.7138         5625          4796         0.0191        1.1593        0.3229        0.4032        Set4
61448.6778    9529.4902     913.9398      0.2191        -0.9515       0.2159        167.03        77.53         5.8787        1.0902         3456          4861         0.0114        0.9556        0.4055        0.3600        Set4
61449.6176    9531.8664     915.3992      -0.4693       0.8490        0.2429        331.07        75.94         6.6699        0.8727         12908         4927         0.0150        1.9695        0.5295        1.1952        Set4
61449.4247    9529.5212     913.8790      -0.2670       0.9065        0.3270        343.59        70.91         5.5727        1.4389         1417          4952         0.0095        0.7139        0.2413        0.1728        Set4
61450.0991    9529.9371     914.0888      0.3881        -0.8969       0.2121        156.60        77.76         4.6450        1.0754         3788          5006         0.0270        1.3767        0.4823        0.6912        Set4
61450.6091    9530.1306     913.8271      0.1630        -0.9394       0.3017        170.15        72.44         4.6498        0.5703         913           5061         0.0101        0.5707        0.2861        0.2016        Set4
61450.7254    9532.0889     915.1991      -0.3435       0.8851        0.3141        338.79        71.70         4.1413        0.6247         752           5076         0.0142        0.4011        0.4493        0.2160        Set4
61451.2827    9530.4609     913.8719      -0.4808       0.8203        0.3099        329.63        71.95         5.4923        0.3665         2553          5106         0.0105        0.7921        0.4732        0.4032        Set4
61452.1042    9532.0148     914.9432      -0.3393       0.8579        0.3858        338.42        67.31         5.3050        0.6898         1185          5150         0.0080        0.8123        0.2692        0.2736        Set4
61452.7819    9532.0785     914.5599      0.3046        -0.9361       0.1760        161.97        79.86         4.4889        1.7017         1413          5226         0.0208        0.8619        0.4543        0.3888        Set4
61452.8691    9531.8037     913.9634      -0.2693       0.9180        0.2910        343.65        73.08         3.5040        0.0889         2438          5258         0.0128        0.4286        0.4146        0.2304        Set4
61453.3932    9533.3076     915.3847      -0.4979       0.7664        0.4059        326.99        66.05         6.0372        0.7137         2826          5301         0.0102        1.1655        0.3188        0.4320        Set4
61453.9712    9532.4683     914.4668      -0.2892       0.9069        0.3064        342.31        72.15         4.4915        1.6697         5469          5322         0.0269        1.5182        0.5871        0.7632        Set4
61454.4684    9532.3375     913.7997      -0.2474       0.9546        0.1660        345.47        80.44         5.1764        2.4015         10329         5331         0.0332        2.4113        0.6876        1.4688        Set4
61453.3390    9533.9749     916.0045      -0.4422       0.8825        0.1602        333.39        80.78         4.7116        0.3066         348           5337         0.0070        0.2555        0.3906        0.1584        Set4
61454.1453    9531.9897     913.5632      0.5145        -0.8209       0.2478        147.92        75.66         3.6090        0.3401         887           5424         0.0125        0.3468        0.3737        0.1584        Set4
61454.6880    9533.5138     915.3763      -0.4621       0.8166        0.3459        330.49        69.76         6.7683        0.1424         10567         5472         0.0070        0.9420        0.6773        0.6768        Set4
61455.7537    9533.3023     914.3351      -0.3751       0.7170        0.5875        332.39        54.02         5.5748        0.2401         1306          5588         0.0071        0.4466        0.4511        0.2736        Set4
61457.0881    9536.0643     916.3278      -0.3205       0.9090        0.2665        340.58        74.55         7.5380        0.2921         43337         5607         0.0100        2.5956        1.3715        2.8656        Set4
61456.2793    9533.7983     913.8410      -0.4974       0.7592        0.4197        326.77        65.18         6.8640        0.3620         3896          5619         0.0071        1.2541        0.4257        0.6336        Set4
61456.5232    9534.9981     915.4140      0.3001        -0.9538       0.0144        162.53        89.18         4.8834        0.2856         13033         5650         0.0231        1.2791        0.8511        1.1520        Set4
61457.2734    9534.5002     913.6376      -0.3302       0.9217        0.2036        340.29        78.25         6.4526        0.3712         11271         5707         0.0098        1.2518        0.8620        1.0080        Set4
61438.7178    9532.1911     916.3925      -0.8065       -0.5910       0.0182        233.77        88.95         5.5045        0.3189         16961         8036         0.0215        1.3163        1.6630        1.7712        Set5
61438.6148    9532.4035     915.3204      -0.7492       -0.4971       0.4377        236.44        64.04         4.1567        0.3502         830           8088         0.0102        0.5058        0.2605        0.2016        Set5
61438.6848    9531.9845     915.0114      -0.7551       -0.6316       0.1757        230.09        79.88         5.0121        1.4365         898           8137         0.0116        0.6393        0.2490        0.2448        Set5
61439.1297    9531.6237     916.1449      -0.9290       -0.2961       0.2220        252.32        77.17         5.4029        0.1746         4556          8380         0.0109        0.7326        0.7020        0.6192        Set5
61439.2939    9532.6482     917.6068      0.8588        0.4993        0.1150        59.83         83.40         5.2742        0.8955         2650          8417         0.0112        0.9581        0.2708        0.3744        Set5
61439.7091    9530.9643     916.0347      0.9511        0.3069        0.0346        72.12         88.02         4.0156        0.7287         1872          8582         0.0140        0.5820        0.3482        0.2304        Set5
61439.6875    9532.2008     917.4053      0.7712        0.6362        0.0204        50.48         88.83         4.2377        0.9755         965           8586         0.0127        0.5389        0.3084        0.2160        Set5
61439.8635    9532.2348     917.6599      0.6947        0.2884        0.6589        67.45         48.78         5.0538        0.0688         1212          8611         0.0070        0.4038        0.3375        0.2160        Set5
61440.0409    9530.6655     915.9556      0.7635        0.6308        0.1381        50.44         82.06         5.2886        0.1457         4959          8620         0.0079        0.5494        0.5417        0.3312        Set5
61440.0507    9531.8234     917.1639      0.9162        0.3706        0.1528        67.98         81.21         4.1949        0.7303         1671          8634         0.0135        0.5958        0.2947        0.2592        Set5
61440.0856    9531.9865     918.3047      -0.6144       -0.7876       0.0470        217.96        87.30         3.3902        1.2821         1104          8654         0.0223        0.3378        0.4899        0.1584        Set5
61440.0660    9531.9407     919.0851      -0.8630       -0.4867       0.1357        240.58        82.20         4.6723        1.2281         1227          8655         0.0145        0.2859        0.7029        0.2592        Set5
61440.2323    9531.0726     916.4699      -0.6552       -0.2875       0.6986        246.31        45.69         5.7149        1.5635         2949          8664         0.0131        1.1688        0.2068        0.5760        Set5
61440.2184    9532.0491     917.6834      0.7053        0.6876        0.1725        45.73         80.07         4.8498        0.5094         1803          8694         0.0106        0.2998        0.5525        0.2736        Set5
61440.2885    9533.3870     920.2529      0.9494        0.2990        0.0963        72.52         84.48         5.4301        0.5687         2927          8709         0.0131        0.9469        0.9678        0.7200        Set5
61440.3411    9530.4356     915.8830      -0.8429       -0.5309       0.0877        237.79        84.97         4.3622        1.1500         1893          8738         0.0110        0.2185        0.5203        0.2016        Set5
61440.4084    9530.4921     915.1943      0.7477        0.6458        0.1545        49.18         81.11         6.0657        1.0500         3195          8739         0.0086        0.5375        0.7312        0.3168        Set5
61440.4727    9531.6692     918.9118      -0.7286       -0.6849       0.0066        226.77        89.62         5.1837        0.4751         1179          8748         0.0085        0.4814        0.4830        0.1728        Set5
61440.3876    9532.7269     920.1859      0.8426        0.5376        0.0333        57.46         88.09         4.6153        0.0501         2673          8758         0.0092        0.5194        0.4302        0.3024        Set5
61440.4975    9531.0470     916.6472      -0.8273       -0.4000       0.3943        244.20        66.77         4.9247        0.9410         2006          8808         0.0110        0.8236        0.2354        0.3312        Set5
61440.4808    9532.0312     919.5424      -0.8422       -0.5240       0.1270        238.11        82.71         5.0308        0.7678         1172          8817         0.0067        0.4270        0.1681        0.1584        Set5
61440.4046    9533.5137     919.6485      0.9547        0.1909        0.2283        78.69         76.80         5.1316        0.3108         742           8833         0.0061        0.3807        0.2668        0.1728        Set5
61440.7125    9531.7457     918.0145      -0.9720       -0.2186       0.0866        257.32        85.03         5.9893        1.0323         675           8937         0.0062        0.1442        0.5916        0.1728        Set5
61441.1557    9530.0610     915.0937      -0.8832       -0.4234       0.2015        244.39        78.38         4.0568        0.3091         11841         8955         0.0277        1.1060        0.8449        0.9648        Set5
61441.2268    9531.3140     918.1076      0.9167        0.3947        0.0629        66.70         86.39         3.4724        0.5556         761           8991         0.0138        0.3070        0.3951        0.1584        Set5
61441.2932    9531.2429     918.6466      -0.9708       -0.2162       0.1042        257.44        84.02         5.7895        0.2333         2622          8994         0.0086        0.6105        0.5872        0.3888        Set5
61441.2257    9531.6532     918.7541      -0.9651       -0.2415       0.1009        255.95        84.21         4.8769        0.7671         390           8999         0.0063        0.3025        0.3648        0.1584        Set5
61441.3387    9531.5813     917.6688      0.9345        0.1928        0.2991        78.34         72.60         4.7019        1.4630         757           9022         0.0089        0.4431        0.3096        0.1584        Set5
61441.7549    9531.6594     919.2822      0.8200        0.5573        0.1305        55.80         82.50         5.9043        1.3303         11671         9029         0.0239        2.1601        0.6590        1.4256        Set5
61441.8394    9530.6490     916.2649      -0.8606       -0.5019       0.0861        239.75        85.06         6.8261        0.6794         13175         9082         0.0103        1.4966        0.6106        0.9648        Set5
61441.6866    9531.9533     920.0926      -0.8337       -0.5454       0.0863        236.81        85.05         4.4099        1.2125         1374          9091         0.0168        0.7884        0.2797        0.3024        Set5
61442.0138    9531.3115     917.2794      0.7838        0.6088        0.1226        52.16         82.96         4.9025        1.6196         527           9147         0.0097        0.1414        0.5049        0.1728        Set5
61442.1146    9531.2947     919.2372      0.8764        0.4746        0.0819        61.56         85.30         4.9960        0.7839         1122          9149         0.0074        0.4020        0.3465        0.1584        Set5
61442.4426    9530.4838     917.4475      0.9931        0.0999        0.0608        84.25         86.52         4.3238        0.6756         14780         9197         0.0507        1.4786        1.7485        1.6560        Set5
61442.3956    9530.9625     917.5565      0.7973        0.5223        0.3026        56.77         72.39         5.2849        2.0779         990           9219         0.0097        0.1783        0.6419        0.2016        Set5
61442.6338    9530.0292     916.5869      0.8474        0.3064        0.4335        70.12         64.31         4.8102        1.0226         1409          9239         0.0085        0.3670        0.4124        0.2016        Set5
61442.9072    9530.1510     916.0281      -0.8751       -0.4730       0.1019        241.61        84.15         4.3734        0.7396         1802          9287         0.0127        0.5266        0.4332        0.2592        Set5
61443.5218    9530.5861     918.5610      0.8903        0.3632        0.2747        67.81         74.05         3.8999        0.4698         3503          9337         0.0235        0.6681        0.7091        0.5328        Set5
61443.5562    9530.2807     916.9152      0.9569        0.2738        0.0969        74.03         84.44         5.2758        0.1955         2606          9344         0.0102        0.6823        0.6396        0.3888        Set5
61443.8038    9530.0752     916.0748      0.8967        0.2366        0.3742        75.22         68.03         4.7154        0.6775         826           9376         0.0086        0.4762        0.2553        0.1584        Set5
61443.7317    9530.5537     917.4561      -0.8269       -0.5246       0.2025        237.61        78.32         4.7307        0.5005         945           9378         0.0096        0.4562        0.3637        0.2448        Set5
61443.8729    9529.9108     917.2414      0.9669        0.1420        0.2122        81.64         77.75         5.2673        0.1341         1851          9383         0.0091        0.5461        0.4428        0.3312        Set5
61446.1661    9530.8731     916.0353      0.8979        0.3315        0.2896        69.74         73.17         5.2875        0.3531         671           9580         0.0077        0.5481        0.4046        0.3168        Set5
61451.6977    9532.0480     914.9273      0.6947        0.5923        0.4082        49.55         65.91         4.9324        0.0676         696           9658         0.0071        0.4255        0.3971        0.2304        Set5
61453.9702    9533.5722     915.6039      0.6976        0.6048        0.3842        49.08         67.41         6.6454        0.3707         3691          9701         0.0078        0.9707        0.5973        0.6336        Set5
61455.8476    9534.9353     916.3728      0.8035        0.5902        0.0780        53.70         85.53         4.9130        0.4302         894           9754         0.0121        0.6350        0.6018        0.3744        Set5
61457.2935    9535.1874     914.6984      0.8587        0.1558        0.4881        79.71         60.78         4.0589        0.3589         229           9804         0.0098        0.2386        0.2908        0.1584        Set5
