61494.3614    9569.4499     910.7851      -0.8403       0.2779        0.4654        288.30        62.26         6.1783        0.2359         95            9748         0.0052        0.3754        0.3987        0.1728        Set1
61494.5272    9569.8882     910.4620      -0.9234       0.3440        0.1706        290.43        80.18         5.3321        1.5549         181           9767         0.0111        0.2384        0.6486        0.3024        Set1
61494.5369    9569.9370     911.4920      -0.9686       0.2295        0.0952        283.33        84.54         5.0841        0.4883         262           9769         0.0105        0.5159        0.4367        0.2448        Set1
61494.8758    9570.3175     910.8734      0.9713        -0.1889       0.1445        101.00        81.69         4.1677        0.1018         310           9793         0.0099        0.3947        0.3513        0.1728        Set1
61494.9782    9570.1356     909.4388      0.9472        -0.2155       0.2373        102.81        76.27         6.1032        0.4257         82            9800         0.0041        0.2498        0.4459        0.1584        Set1
61496.3457    9570.7582     909.2316      -0.9476       0.0498        0.3156        273.01        71.60         5.0960        0.8979         171           9879         0.0091        0.4541        0.2499        0.1584        Set1
61498.6463    9573.3446     911.7431      0.9350        -0.2715       0.2283        106.19        76.80         3.8908        0.0270         227           9958         0.0112        0.3831        0.3796        0.1728        Set1
61498.7500    9572.6961     910.8162      -0.8151       -0.0728       0.5748        264.90        54.92         5.2285        0.4088         333           9963         0.0074        0.4429        0.2803        0.1728        Set1
61498.9280    9573.5294     912.1569      -0.8421       0.0531        0.5367        273.61        57.54         4.5999        0.5215         124           9974         0.0090        0.5098        0.2450        0.2016        Set1
61501.0559    9573.2614     908.5008      0.9905        0.0564        0.1255        86.74         82.79         5.4061        0.5812         326           10020        0.0095        0.6302        0.3398        0.2736        Set1
61502.2856    9574.6359     908.5974      -0.8419       0.1269        0.5245        278.57        58.37         5.2155        0.3275         459           10065        0.0060        0.5342        0.2191        0.2016        Set1
61505.1653    9577.0654     910.2373      -0.9642       0.1455        0.2216        278.58        77.20         5.3529        0.8858         1230          10178        0.0103        0.3623        0.6900        0.2880        Set1
61505.5348    9578.0945     910.8058      -0.9843       0.0749        0.1601        274.35        80.79         4.5539        0.3508         1089          10193        0.0101        0.3708        0.4086        0.1728        Set1
61506.2098    9578.8993     911.0834      -0.9968       0.0482        0.0639        272.77        86.33         3.5027        0.3913         494           10214        0.0133        0.2809        0.4196        0.1584        Set1
61506.1523    9579.1963     909.8270      0.9607        -0.0083       0.2773        90.50         73.90         3.9120        0.8530         660           10215        0.0168        0.2967        0.4862        0.2016        Set1
61506.8041    9578.5368     910.0751      0.9586        0.0056        0.2848        89.66         73.45         4.9992        0.9173         1765          10228        0.0151        0.3519        0.9139        0.4176        Set1
61511.2652    9582.0152     908.6751      0.9657        -0.0651       0.2513        93.85         75.45         4.7669        0.3201         42071         10289        0.0295        1.6332        0.8146        1.6128        Set1
61511.5930    9582.0437     907.9535      0.9820        -0.1274       0.1393        97.39         81.99         4.3083        0.4917         2020          10303        0.0104        0.2799        0.4227        0.1872        Set1
61511.5950    9582.4831     907.8642      0.9906        0.1209        0.0636        83.04         86.35         4.8004        0.9305         1365          10307        0.0088        0.5728        0.1904        0.2016        Set1
61512.3034    9583.6513     907.8824      0.9973        -0.0480       0.0553        92.75         86.83         5.6039        0.3780         15927         10345        0.0258        2.0611        1.0314        1.9440        Set1
61513.7159    9585.0487     909.4383      0.9951        -0.0081       0.0986        90.47         84.34         5.3397        0.3580         1074          10415        0.0053        0.3887        0.1909        0.1584        Set1
61513.7918    9586.2770     908.9247      0.9478        -0.0679       0.3115        94.10         71.85         5.1325        0.4116         3867          10419        0.0152        0.9215        0.4452        0.5904        Set1
61514.0351    9586.1816     908.4009      0.9613        -0.0313       0.2739        91.86         74.10         5.6584        0.5598         4118          10435        0.0143        1.2750        0.6032        0.8640        Set1
61514.1447    9588.3045     909.8911      -0.9863       -0.1414       0.0849        261.84        85.13         5.2438        0.4652         161           10496        0.0059        0.4533        0.1791        0.1584        Set1
61516.1676    9586.4062     906.9426      0.9659        -0.1573       0.2056        99.25         78.13         5.8835        0.2714         354           10753        0.0065        0.4614        0.5081        0.2304        Set1
61516.1615    9590.9458     907.8779      0.8773        -0.2316       0.4204        104.79        65.14         6.0011        0.2445         113           10759        0.0035        0.3531        0.1959        0.1584        Set1
61493.1272    9568.5452     910.5836      -0.3846       -0.8511       0.3573        204.32        69.07         3.4273        0.1878         1069          3587         0.0126        0.3404        0.2878        0.1728        Set2
61495.3423    9571.0727     911.5612      0.4879        0.8463        0.2139        29.97         77.65         4.2706        0.2007         4945          3605         0.0223        0.7114        1.1767        0.7776        Set2
61495.1247    9571.0503     911.9471      0.7107        0.6995        0.0749        45.45         85.71         4.8663        0.2762         823           3606         0.0084        0.3559        0.5345        0.2160        Set2
61495.5912    9571.0938     909.8724      -0.2917       -0.9550       0.0528        196.99        86.97         6.7865        0.3923         1769          3611         0.0075        0.5907        0.8354        0.4176        Set2
61495.9026    9570.9963     911.3278      0.2964        0.8781        0.3757        18.65         67.93         4.7442        0.8171         1439          3638         0.0109        0.5403        0.3460        0.2592        Set2
61496.7742    9570.9358     909.3202      -0.2946       -0.9522       0.0801        197.19        85.40         6.1291        0.3349         948           3680         0.0066        0.7619        0.4571        0.4032        Set2
61497.1148    9571.7207     909.9059      -0.6862       -0.7202       0.1025        223.62        84.12         4.7369        0.5082         457           3689         0.0077        0.2998        0.3248        0.1584        Set2
61497.4626    9570.7226     909.0110      -0.3067       -0.9518       0.0063        197.86        89.64         5.9945        0.5602         463           3695         0.0066        0.4609        0.3830        0.2448        Set2
61498.4537    9572.5750     910.2738      -0.2869       -0.9574       0.0329        196.68        88.11         6.4250        0.2998         2949          3710         0.0127        1.2288        1.3751        1.1088        Set2
61502.8161    9575.3452     910.7342      0.6674        0.7253        0.1686        42.62         80.29         4.7904        0.5139         617           3800         0.0128        0.6583        0.3942        0.3024        Set2
61505.1391    9577.9881     911.2123      0.5209        0.7647        0.3793        34.26         67.71         4.5705        0.8908         127           3826         0.0089        0.4580        0.1490        0.1584        Set2
61505.8551    9577.8587     910.2750      0.3274        0.9224        0.2048        19.54         78.18         6.9645        0.5694         500           3835         0.0065        0.5203        0.8406        0.4176        Set2
61506.4597    9578.8430     910.1282      0.4882        0.8511        0.1931        29.84         78.87         5.2702        0.3262         2836          3841         0.0209        1.1616        1.0809        1.2240        Set2
61513.4648    9586.7612     909.6286      0.4436        0.8957        0.0301        26.34         88.27         4.7258        0.2066         2512          3893         0.0095        0.5030        0.4054        0.2736        Set2
61520.5954    9599.5119     909.3430      -0.4782       -0.6707       0.5670        215.49        55.46         5.9846        0.6166         252           3950         0.0063        0.5918        0.2231        0.2592        Set2
61521.0949    9598.8774     908.8627      -0.5550       -0.8252       0.1052        213.92        83.96         5.5137        1.1241         558           3964         0.0092        0.6289        0.1934        0.1872        Set2
61521.2907    9599.8708     909.8756      -0.4083       -0.7605       0.5049        208.23        59.68         4.9091        1.2351         227           3970         0.0121        0.6168        0.2586        0.2592        Set2
61521.4376    9599.1608     909.2017      0.6213        0.7764        0.1052        38.67         83.96         4.2309        0.6502         306           3974         0.0098        0.3881        0.1729        0.1584        Set2
61521.6134    9600.3494     910.2171      -0.3606       -0.8882       0.2849        202.10        73.45         5.0839        2.0761         340           3986         0.0130        0.6537        0.3046        0.2592        Set2
61522.2516    9598.5109     907.6221      -0.2699       -0.9620       0.0417        195.68        87.61         3.0727        0.5792         558           4011         0.0305        0.5304        0.6408        0.3744        Set2
61522.6974    9598.4239     907.2779      0.3304        0.8685        0.3695        20.83         68.31         5.5788        0.4988         217           4037         0.0078        0.6470        0.3680        0.2592        Set2
61522.5273    9598.5822     908.0330      -0.5303       -0.6639       0.5273        218.61        58.18         5.5284        0.3996         329           4038         0.0075        0.4743        0.3393        0.2016        Set2
61523.0088    9598.7694     908.4069      -0.4713       -0.7110       0.5218        213.54        58.55         3.8609        0.0418         116           4060         0.0098        0.3172        0.2329        0.1728        Set2
61523.3099    9598.5640     908.2228      -0.4539       -0.8055       0.3811        209.40        67.60         4.6810        0.7817         177           4082         0.0121        0.5828        0.3647        0.2592        Set2
61524.1100    9597.4234     906.8396      -0.2998       -0.9495       0.0924        197.53        84.70         5.4176        0.6032         56            4116         0.0056        0.1989        0.3946        0.1584        Set2
61524.6991    9600.0561     909.0397      -0.3968       -0.8926       0.2140        203.97        77.65         5.7931        0.8370         138           4156         0.0062        0.1897        0.4718        0.1584        Set2
61525.0561    9602.7784     911.6855      -0.6035       -0.7803       0.1641        217.72        80.55         4.4721        0.6982         77            4167         0.0105        0.3995        0.2057        0.1584        Set2
61525.5761    9600.3450     909.2340      -0.6941       -0.7109       0.1131        224.32        83.51         5.8872        0.7905         387           4178         0.0124        0.4849        1.0621        0.5616        Set2
61525.9329    9599.8560     908.9279      -0.7025       -0.6763       0.2215        226.09        77.20         6.1047        0.0774         908           4196         0.0102        1.0460        1.0604        1.0080        Set2
61526.1198    9599.4090     908.2896      -0.6294       -0.7554       0.1821        219.80        79.51         4.3997        0.0366         140           4213         0.0079        0.3714        0.4100        0.1728        Set2
61526.2592    9599.4333     908.7509      -0.7044       -0.6661       0.2453        226.60        75.80         6.3591        0.4320         108           4216         0.0052        0.2573        0.6003        0.2304        Set2
61526.5827    9599.1207     908.5092      -0.6768       -0.6904       0.2555        224.43        75.20         5.8129        0.3474         497           4236         0.0100        0.6501        0.9028        0.5472        Set2
61527.0297    9598.7011     907.8486      -0.4356       -0.8403       0.3227        207.40        71.17         5.2576        0.5443         1304          4245         0.0124        0.7917        0.4679        0.4176        Set2
61527.1991    9598.9310     908.2614      -0.6232       -0.6942       0.3603        221.92        68.88         4.6379        0.2588         486           4252         0.0086        0.4177        0.2654        0.1728        Set2
61527.6032    9598.6021     907.8082      -0.5271       -0.7377       0.4219        215.55        65.05         4.5603        0.3784         289           4267         0.0084        0.2373        0.3961        0.1728        Set2
61528.0101    9598.5786     908.3934      0.5440        0.8360        0.0717        33.05         85.89         4.8213        0.4126         147           4275         0.0104        0.4346        0.2896        0.2160        Set2
61528.2458    9598.3364     908.1507      -0.3877       -0.7822       0.4877        206.37        60.81         2.8802        0.2121         309           4289         0.0167        0.3641        0.3099        0.1728        Set2
61529.4384    9597.9630     908.0515      0.6381        0.7629        0.1042        39.91         84.02         4.5447        0.5971         268           4319         0.0090        0.3763        0.3269        0.1584        Set2
61529.7058    9598.5921     907.6240      -0.6173       -0.7255       0.3044        220.39        72.28         4.4042        0.1500         521           4348         0.0096        0.4948        0.2983        0.1728        Set2
61530.0658    9598.0389     907.2235      -0.6106       -0.7920       0.0031        217.63        89.82         4.3771        0.9239         299           4363         0.0101        0.4681        0.2085        0.1584        Set2
61530.2404    9598.3121     907.8241      -0.5380       -0.8393       0.0781        212.66        85.52         4.1648        0.1420         586           4370         0.0118        0.4265        0.4239        0.2304        Set2
61530.4034    9597.7668     907.0952      -0.5242       -0.8512       0.0256        211.63        88.53         4.2702        0.1175         877           4376         0.0115        0.4633        0.4339        0.2736        Set2
61530.8022    9598.5092     907.9787      -0.4950       -0.7446       0.4478        213.61        63.40         4.5078        0.6999         274           4404         0.0117        0.4073        0.2943        0.1584        Set2
61530.9366    9597.6969     906.9390      -0.6159       -0.7783       0.1225        218.36        82.96         5.1494        0.3487         646           4412         0.0100        0.6400        0.3458        0.2736        Set2
61531.6259    9598.5968     908.3317      -0.4606       -0.8867       0.0405        207.45        87.68         5.7285        0.0389         3454          4445         0.0110        0.9310        0.9211        1.0368        Set2
61531.3986    9598.3685     907.6180      -0.3486       -0.9088       0.2294        200.99        76.74         4.6188        1.2724         148           4454         0.0093        0.3414        0.2959        0.1584        Set2
61533.2509    9599.1586     908.8973      -0.4411       -0.8937       0.0819        206.27        85.30         5.0903        0.1211         1054          4564         0.0107        0.7507        0.6276        0.5760        Set2
61533.2258    9597.0220     905.9623      -0.3715       -0.8875       0.2727        202.72        74.17         4.7855        0.1244         213           4572         0.0080        0.3680        0.4911        0.2016        Set2
61533.6318    9598.9119     908.2254      0.5175        0.8511        0.0884        31.30         84.93         6.1015        1.3508         466           4590         0.0093        0.8031        0.1910        0.3456        Set2
61533.7637    9598.4015     907.6488      -0.4360       -0.8808       0.1846        206.33        79.36         4.6596        0.3103         727           4598         0.0135        0.7101        0.3988        0.3312        Set2
61534.0376    9597.1844     906.2171      0.4439        0.8597        0.2527        27.31         75.36         5.1931        0.6372         363           4610         0.0109        0.6230        0.2786        0.2448        Set2
61534.7549    9599.2057     908.5721      0.4203        0.8787        0.2263        25.56         76.92         5.7421        0.0085         2486          4636         0.0096        0.8997        0.8521        0.8928        Set2
61535.2920    9598.8163     907.8464      -0.6973       -0.7032       0.1390        224.76        82.01         5.8369        0.0220         1154          4665         0.0087        0.7656        0.7659        0.7200        Set2
61535.6597    9598.8684     908.3134      0.3827        0.8810        0.2780        23.48         73.86         5.9244        0.2906         391           4686         0.0060        0.5669        0.2874        0.2160        Set2
61536.1073    9597.7881     906.2746      0.6719        0.7345        0.0952        42.45         84.53         5.5973        0.4875         206           4710         0.0072        0.5596        0.2992        0.2160        Set2
61538.6763    9599.1204     907.7127      0.7386        0.6729        0.0409        47.67         87.66         5.9522        0.4175         122           4758         0.0063        0.3536        0.5379        0.2160        Set2
61539.1704    9598.4286     907.0686      -0.7237       -0.6822       0.1048        226.69        83.99         5.2972        0.1986         123           4789         0.0072        0.6191        0.3726        0.2592        Set2
61540.3846    9598.4569     907.0224      -0.4829       -0.8645       0.1393        209.19        81.99         5.8275        0.4720         222           4843         0.0074        0.5035        0.5223        0.2880        Set2
61541.8421    9599.2670     907.3620      0.7051        0.7085        0.0312        44.86         88.21         4.8982        0.0892         303           4852         0.0094        0.5222        0.4922        0.4032        Set2
61542.1155    9599.0391     906.9725      -0.4268       -0.8824       0.1981        205.81        78.57         4.4964        0.3009         284           4857         0.0145        0.6173        0.5428        0.3888        Set2
61542.4461    9598.9760     907.2722      -0.4978       -0.8562       0.1385        210.18        82.04         4.4725        0.7859         180           4866         0.0157        0.5885        0.4014        0.3024        Set2
61542.4376    9598.7959     906.2410      -0.6533       -0.7568       0.0184        220.80        88.95         5.4986        0.3197         145           4869         0.0076        0.3768        0.5466        0.2736        Set2
61544.1943    9598.6466     906.1573      0.3491        0.8899        0.2935        21.42         72.93         7.9135        0.3488         874           4931         0.0068        1.6632        0.9649        1.3968        Set2
61545.0786    9598.5167     905.4862      0.3824        0.8734        0.3014        23.65         72.46         5.8848        0.0879         197           4963         0.0054        0.5458        0.4464        0.3312        Set2
61545.8555    9598.3455     905.1893      0.3498        0.9030        0.2495        21.17         75.55         6.8079        0.1957         219           4975         0.0055        0.7571        0.4448        0.4752        Set2
61550.6169    9599.7808     905.8179      0.6784        0.7270        0.1065        43.02         83.89         6.5088        0.1282         319           5040         0.0078        0.9804        0.7708        0.7776        Set2
61550.5013    9599.8416     907.0002      0.6100        0.7816        0.1302        37.97         82.52         6.5866        0.4714         149           5043         0.0067        0.5925        0.7779        0.3888        Set2
61551.9441    9599.5209     905.7976      0.6404        0.7662        0.0529        39.89         86.97         5.6368        0.5521         86            5110         0.0069        0.2326        0.5208        0.2016        Set2
61553.8682    9599.5042     905.7365      0.7278        0.6802        0.0878        46.94         84.96         5.3351        0.0913         107           5126         0.0075        0.4379        0.5015        0.2736        Set2
61494.1632    9569.0946     909.4082      -0.7351       0.6015        0.3128        309.29        71.77         6.4653        2.4255         13990         5242         0.0329        4.2452        0.9444        2.5056        Set3
61494.3370    9569.6863     910.4613      -0.7501       0.6029        0.2717        308.79        74.23         5.0871        0.4196         51964         5246         0.0507        3.7726        2.3478        5.7312        Set3
61493.5152    9568.6337     911.3141      -0.4524       0.7871        0.4194        330.11        65.20         4.9935        0.4879         1863          5251         0.0172        1.0272        0.5717        0.6192        Set3
61494.6470    9569.2730     909.0173      0.7209        -0.5282       0.4487        126.23        63.34         4.8291        0.8520         1332          5293         0.0157        0.8587        0.3585        0.3456        Set3
61494.6984    9570.3584     911.4699      0.8154        -0.5169       0.2607        122.37        74.89         4.0205        0.1577         2277          5301         0.0204        0.6695        0.8862        0.5904        Set3
61497.1774    9571.7554     910.9050      -0.7121       0.6046        0.3569        310.33        69.09         6.8784        0.2910         21938         5335         0.0199        3.9359        2.2366        6.5232        Set3
61498.2430    9571.2690     908.9821      0.7364        -0.6447       0.2050        131.20        78.17         4.5627        0.9580         2969          5361         0.0420        1.8630        0.7394        1.3968        Set3
61498.2166    9572.1094     909.7577      0.7062        -0.4923       0.5089        124.88        59.41         5.2176        0.2749         894           5365         0.0137        1.0827        0.5169        0.6048        Set3
61499.2292    9573.7670     911.5184      0.6204        -0.7497       0.2305        140.39        76.68         5.2992        0.9708         170           5391         0.0115        0.8270        0.2852        0.2736        Set3
61499.3758    9571.9007     908.6657      0.6120        -0.7278       0.3095        139.94        71.97         4.4365        0.7539         220           5399         0.0110        0.3939        0.3458        0.1728        Set3
61501.2337    9574.0152     910.0011      -0.6337       0.7475        0.1990        319.71        78.52         5.6956        0.7361         32428         5411         0.0624        5.9855        1.9943        9.4176        Set3
61500.2109    9572.9746     909.0619      -0.5316       0.8332        0.1521        327.46        81.25         5.8343        0.6860         254           5423         0.0078        0.7502        0.3251        0.2736        Set3
61500.4764    9574.4815     911.7745      0.6374        -0.7688       0.0511        140.34        87.07         3.8366        0.1852         292           5427         0.0152        0.6696        0.5380        0.3744        Set3
61500.4989    9572.7652     908.5289      0.5338        -0.7284       0.4295        143.76        64.57         5.7930        0.3571         132           5430         0.0053        0.5057        0.3210        0.2448        Set3
61500.7123    9573.0268     908.7145      0.5207        -0.6692       0.5302        142.11        57.98         5.6949        0.8290         183           5439         0.0070        0.6469        0.1794        0.1728        Set3
61501.0878    9573.5501     908.7407      0.7498        -0.6575       0.0742        131.25        85.75         4.2047        0.2184         240           5453         0.0136        0.5847        0.5260        0.3600        Set3
61501.8494    9574.1484     908.6415      -0.6061       0.7802        0.1546        322.16        81.11         6.4754        0.8052         1293          5468         0.0107        1.4346        0.4733        0.6480        Set3
61501.4952    9575.1036     911.2522      -0.7695       0.4987        0.3991        302.95        66.48         4.2758        0.5234         450           5474         0.0144        0.6691        0.3095        0.2448        Set3
61502.2227    9575.5609     911.1865      -0.6650       0.7449        0.0535        318.25        86.93         3.5029        0.1290         210           5492         0.0151        0.4024        0.3579        0.1584        Set3
61504.0290    9576.5263     909.2494      -0.6289       0.6638        0.4048        316.55        66.12         6.4129        0.6597         16112         5494         0.0301        4.4698        1.3855        4.4208        Set3
61502.3668    9574.7912     908.7846      0.7129        -0.4045       0.5729        119.57        55.05         5.0449        1.0794         243           5498         0.0108        0.6102        0.2169        0.2016        Set3
61503.2329    9576.2390     911.3670      0.6763        -0.5617       0.4766        129.72        61.54         4.8086        0.4418         290           5520         0.0140        0.8531        0.4014        0.4320        Set3
61504.8029    9576.7588     910.1088      -0.6941       0.6804        0.2351        314.43        76.40         6.0620        0.4161         16431         5547         0.0242        2.6406        1.2247        3.0672        Set3
61505.8885    9578.0123     908.9996      -0.6507       0.7182        0.2465        317.82        75.73         6.0601        0.3549         24659         5548         0.0350        4.2526        2.0092        5.2848        Set3
61505.4969    9577.3177     908.1129      -0.7341       0.4224        0.5317        299.92        57.88         5.8995        0.9001         1147          5580         0.0082        0.9331        0.2029        0.3168        Set3
61505.7760    9577.9513     908.2430      0.7616        -0.4608       0.4558        121.17        62.88         4.0956        3.3474         367           5590         0.0172        0.6772        0.3044        0.1728        Set3
61507.3250    9580.1067     910.4070      -0.6279       0.7179        0.3007        318.83        72.50         7.5608        0.3139         115311        5593         0.0157        4.7906        2.0566        7.7184        Set3
61505.9303    9577.7082     910.3311      -0.5774       0.8044        0.1399        324.33        81.96         6.4052        1.8441         262           5602         0.0066        0.2536        0.6759        0.2016        Set3
61506.6526    9578.3953     908.0014      -0.8024       0.5967        0.0040        306.64        89.77         4.8950        1.6736         1557          5607         0.0299        1.7695        0.4577        0.7776        Set3
61507.1634    9579.0309     908.9643      -0.5551       0.7771        0.2965        324.46        72.75         5.2237        0.2872         906           5644         0.0081        0.5701        0.4428        0.3024        Set3
61509.3090    9580.1844     908.2936      -0.5885       0.7607        0.2739        322.27        74.11         6.0052        0.6583         59759         5649         0.0375        4.6361        1.4539        5.0832        Set3
61511.0928    9583.1082     909.7582      -0.4871       0.7853        0.3823        328.19        67.53         8.8155        0.4875         46734         5696         0.0145        5.7519        2.4920        9.1296        Set3
61511.3474    9581.7671     908.0777      0.8680        -0.4961       0.0229        119.75        88.69         3.0014        0.8185         19444         5734         0.0791        1.5367        1.6067        1.5552        Set3
61511.1267    9583.2707     908.8909      0.6155        -0.3650       0.6985        120.67        45.69         4.1580        0.0685         440           5755         0.0088        0.3991        0.1862        0.1584        Set3
61511.2545    9581.8625     908.7365      0.9686        -0.1873       0.1637        100.94        80.58         5.4167        0.2026         2811          5757         0.0085        0.5405        0.6778        0.3744        Set3
61511.8997    9583.1068     908.0932      0.6493        -0.7605       0.0035        139.51        89.80         4.2962        0.3519         19710         5774         0.0297        1.2689        1.2155        1.3680        Set3
61511.6488    9582.1851     907.7379      0.9776        -0.0527       0.2039        93.08         78.23         4.1555        0.9574         1181          5794         0.0117        0.2359        0.4222        0.1584        Set3
61512.0258    9582.4203     907.4456      0.6723        -0.7317       0.1126        137.42        83.53         4.6063        0.8505         6060          5799         0.0143        0.7589        0.5010        0.3888        Set3
61511.9124    9582.6750     907.6999      0.7095        -0.1976       0.6765        105.56        47.43         4.8945        0.4703         123           5805         0.0075        0.4408        0.1541        0.1584        Set3
61512.4078    9584.5195     908.1011      -0.7035       0.6634        0.2549        313.32        75.23         4.2763        1.5052         1225          5829         0.0210        0.5246        0.6078        0.3024        Set3
61512.9794    9584.4506     910.1565      0.7667        -0.4632       0.4445        121.14        63.61         5.0208        3.4254         1900          5852         0.0190        1.2360        0.2457        0.4896        Set3
61513.2482    9586.5293     909.9299      -0.7418       0.6093        0.2802        309.40        73.73         4.0250        0.1396         1718          5872         0.0105        0.3747        0.3719        0.2160        Set3
61513.2238    9586.7507     909.6888      -0.6321       0.7053        0.3209        318.14        71.28         4.6439        0.4213         1147          5873         0.0067        0.2601        0.3450        0.1584        Set3
61514.1293    9588.2688     909.3422      -0.5657       0.7274        0.3884        322.13        67.14         7.1235        0.1482         20317         5896         0.0107        2.1399        1.6964        3.0096        Set3
61513.8091    9585.0001     909.2066      -0.6269       0.7364        0.2543        319.59        75.27         5.7013        4.2469         2617          5897         0.0205        0.5278        1.3512        0.5904        Set3
61513.7922    9586.5874     909.0362      0.9467        -0.2260       0.2296        103.43        76.73         5.3260        0.4204         772           5902         0.0073        0.3196        0.3812        0.1872        Set3
61513.9699    9586.7857     909.8359      -0.7386       0.6577        0.1480        311.69        81.49         3.7495        0.7201         4415          5903         0.0307        0.6349        1.1837        0.6768        Set3
61513.8951    9586.3170     908.7153      0.7673        -0.2606       0.5859        108.76        54.13         6.0668        0.4066         1360          5913         0.0075        0.8354        0.3049        0.3744        Set3
61514.1528    9585.6969     908.0084      -0.2844       0.8616        0.4203        341.73        65.14         4.3899        1.3148         707           5936         0.0162        0.3132        0.5091        0.2016        Set3
61514.5495    9588.7434     910.0481      0.9355        -0.3394       0.0983        109.94        84.36         3.7599        0.2357         305           5975         0.0141        0.4558        0.3863        0.2304        Set3
61514.9489    9586.2563     907.4958      0.6219        -0.5825       0.5234        133.13        58.44         3.7519        0.2039         366           5984         0.0121        0.5473        0.3872        0.2304        Set3
61514.9494    9589.0222     909.6088      0.8455        -0.4080       0.3444        115.76        69.85         3.6629        0.9832         342           5987         0.0262        0.6287        0.4429        0.3024        Set3
61514.9387    9584.9885     907.0144      0.6656        -0.7144       0.2158        137.03        77.54         3.7826        0.0933         2408          5991         0.0113        0.3962        0.3468        0.1728        Set3
61515.0773    9589.8162     909.3046      -0.6017       0.7243        0.3367        320.28        70.32         5.3064        0.2347         564           6001         0.0070        0.3764        0.4991        0.2736        Set3
61515.5698    9590.5672     908.4320      -0.5638       0.7513        0.3430        323.12        69.94         7.6635        0.3715         2332          6006         0.0072        1.4573        1.0416        1.1808        Set3
61515.9991    9586.9954     907.3706      -0.5342       0.8019        0.2676        326.33        74.48         6.0822        0.5187         730           6038         0.0093        0.9667        0.4882        0.4032        Set3
61515.8663    9591.3326     909.1817      -0.5021       0.7784        0.3768        327.18        67.86         6.1360        0.3594         273           6044         0.0058        0.5265        0.2646        0.2016        Set3
61516.0276    9586.0429     906.9098      0.8268        -0.5575       0.0751        123.99        85.69         4.3415        0.4707         1284          6046         0.0154        0.6909        0.3590        0.3168        Set3
61515.8463    9590.8797     908.7174      0.9027        -0.3216       0.2858        109.61        73.39         5.0883        0.3859         308           6049         0.0101        0.6226        0.3401        0.2592        Set3
61516.1168    9591.4470     908.5582      -0.7595       0.5953        0.2622        308.09        74.80         4.4633        0.5094         180           6065         0.0099        0.2975        0.3766        0.1728        Set3
61516.2349    9591.5150     908.2738      0.5118        -0.8582       0.0394        149.19        87.74         4.2052        0.6122         154           6066         0.0106        0.4170        0.2785        0.1584        Set3
61516.4116    9586.8633     906.8584      0.7804        -0.6076       0.1472        127.90        81.53         5.7868        0.6327         1855          6071         0.0144        1.1520        0.6442        0.5616        Set3
61516.2151    9591.0167     907.7849      0.8713        -0.3330       0.3606        110.91        68.86         4.1174        0.1456         147           6076         0.0122        0.4635        0.3485        0.2016        Set3
61516.6918    9592.0107     907.8980      0.7221        -0.6918       0.0035        133.77        89.80         5.1252        0.8979         1092          6077         0.0214        1.3204        0.6537        0.7344        Set3
61516.6670    9592.7915     908.6731      -0.5948       0.7292        0.3384        320.80        70.22         6.6226        0.3308         727           6090         0.0065        0.8888        0.6450        0.5760        Set3
61517.0938    9592.5915     907.9032      0.6931        -0.7179       0.0654        136.01        86.25         4.9953        0.5837         359           6105         0.0095        0.5405        0.3921        0.2016        Set3
61517.6418    9593.7992     908.1736      0.6898        -0.6158       0.3809        131.76        67.61         5.6973        0.5668         377           6125         0.0090        0.4797        0.6980        0.3312        Set3
61518.4130    9594.4665     908.0091      0.7637        -0.5375       0.3575        125.14        69.05         4.6989        0.4749         4201          6130         0.0385        1.9171        1.2731        2.2176        Set3
61518.6330    9592.1406     906.7272      0.7691        -0.4009       0.4977        117.53        60.15         4.5302        0.3265         155           6147         0.0085        0.4749        0.2661        0.2016        Set3
61518.7372    9595.4704     908.3161      0.7402        -0.3727       0.5596        116.72        55.97         6.3604        0.5923         117           6151         0.0063        0.4363        0.4307        0.2304        Set3
61519.1835    9595.8193     907.9453      0.5963        -0.5650       0.5703        133.46        55.23         5.4968        0.3702         263           6167         0.0080        0.5469        0.5863        0.3600        Set3
61519.3867    9596.1180     907.8875      0.7922        -0.4629       0.3975        120.30        66.58         4.8096        0.4803         219           6175         0.0078        0.4057        0.2825        0.1584        Set3
61520.7470    9599.3291     908.9418      -0.6127       0.7080        0.3511        319.13        69.44         7.0891        0.6100         993           6191         0.0081        1.5830        0.7504        0.8352        Set3
61521.6021    9598.9067     908.8283      -0.7078       0.6725        0.2164        313.53        77.50         7.1593        0.3651         501           6208         0.0044        0.7246        0.4115        0.3312        Set3
61521.6674    9598.9424     908.3645      -0.6418       0.6970        0.3198        317.36        71.35         6.7604        0.2853         370           6210         0.0045        0.5878        0.3771        0.2736        Set3
61522.5127    9599.1105     909.2247      -0.7260       0.6244        0.2881        310.70        73.25         7.2635        0.6873         384           6225         0.0068        1.2629        0.3122        0.5760        Set3
61522.5302    9598.9420     908.6688      -0.7067       0.6232        0.3349        311.41        70.43         5.6348        0.3362         128           6230         0.0059        0.4516        0.2641        0.1584        Set3
61523.0834    9598.9471     908.8067      -0.6999       0.6136        0.3655        311.24        68.56         6.1843        0.3886         136           6234         0.0055        0.5564        0.2757        0.2016        Set3
61524.5989    9599.9016     909.4111      -0.4374       0.7722        0.4609        330.47        62.56         6.3970        0.1582         44            6253         0.0046        0.4036        0.3123        0.1872        Set3
61524.9801    9598.8379     907.9560      -0.5408       0.7094        0.4520        322.68        63.13         7.6964        0.7840         110           6254         0.0050        1.0076        0.3060        0.3888        Set3
61524.9997    9600.2121     908.9828      -0.6014       0.7600        0.2462        321.64        75.75         5.7606        0.1533         196           6255         0.0070        0.7529        0.4856        0.4320        Set3
61528.8376    9598.5737     908.2674      -0.5952       0.7559        0.2725        321.78        74.18         6.2198        0.0567         1258          6275         0.0094        1.0946        0.8482        0.9936        Set3
61529.8610    9598.1742     908.2486      -0.6090       0.7622        0.2195        321.37        77.32         7.3570        1.4535         150           6278         0.0052        0.9715        0.1210        0.2448        Set3
61529.8636    9598.1313     907.9323      -0.6630       0.5983        0.4499        312.06        63.26         6.0857        0.2601         160           6280         0.0072        0.7807        0.3486        0.3744        Set3
61530.5500    9598.6044     908.4806      -0.5638       0.7046        0.4308        321.33        64.48         6.8903        0.3249         245           6285         0.0046        0.7139        0.3108        0.3312        Set3
61530.9979    9598.9290     908.6149      -0.5882       0.6986        0.4074        319.90        65.96         6.2663        0.3167         103           6289         0.0047        0.3646        0.4834        0.2016        Set3
61493.1061    9568.3686     911.2506      -0.4942       0.8440        0.2085        329.65        77.97         4.6874        0.6370         25940         9777         0.0482        2.6855        1.5788        2.8656        Set4
61492.7435    9568.3268     910.1476      0.1589        0.8457        0.5095        10.64         59.37         3.7826        0.1822         2718          9829         0.0214        0.5230        0.5799        0.4608        Set4
61495.1994    9570.9151     912.1792      0.0310        -0.9840       0.1757        178.20        79.88         4.7908        1.2329         1435          10018        0.0142        0.8280        0.2717        0.2880        Set4
61495.7889    9571.0482     910.8101      0.2185        0.9749        0.0433        12.63         87.52         5.0274        0.3110         53766         10036        0.0382        1.6974        2.5097        3.6864        Set4
61496.1325    9570.6266     909.2499      -0.1360       -0.9798       0.1463        187.90        81.59         5.2569        0.3434         1167          10102        0.0062        0.2749        0.4590        0.1584        Set4
61497.1446    9570.8199     909.1386      -0.2654       -0.9618       0.0668        195.43        86.17         6.7717        0.5953         7463          10133        0.0094        1.6952        0.5679        1.1088        Set4
61496.9618    9571.7884     909.9722      0.1414        0.9899        0.0075        8.13          89.57         4.7697        0.2930         1020          10174        0.0074        0.2743        0.3846        0.1728        Set4
61497.7959    9571.5357     909.6666      -0.4878       0.8727        0.0193        330.80        88.89         4.5790        0.1933         938           10238        0.0093        0.5392        0.3332        0.2160        Set4
61498.2811    9572.6286     910.6381      -0.2072       -0.9757       0.0710        191.99        85.93         5.0359        0.6496         549           10303        0.0089        0.3004        0.5942        0.2448        Set4
61498.9857    9572.4669     910.1344      0.1235        0.9920        0.0256        7.09          88.53         4.7884        0.0856         13148         10309        0.0263        1.3839        1.4618        1.9296        Set4
61499.8288    9574.1710     911.8443      0.3449        -0.9346       0.0868        159.75        85.02         4.2875        0.4052         1089          10425        0.0221        0.9729        0.7350        0.6048        Set4
61499.8562    9572.2264     908.6256      -0.1243       -0.9920       0.0207        187.14        88.81         5.2843        0.4197         976           10427        0.0084        0.6162        0.3323        0.2592        Set4
61499.8861    9572.8073     910.4677      0.3227        -0.9134       0.2481        160.54        75.63         4.2263        0.2742         797           10433        0.0173        0.6020        0.5602        0.3024        Set4
61500.6944    9572.8766     908.5360      0.4052        -0.7668       0.4978        152.15        60.14         4.5202        0.4439         831           10546        0.0149        0.6293        0.4594        0.4032        Set4
61500.6213    9573.3802     910.6003      0.5664        -0.8241       0.0054        145.50        89.69         5.2258        0.6554         376           10552        0.0101        0.5687        0.2713        0.2160        Set4
61501.4170    9574.3647     909.4559      -0.4228       0.8062        0.4140        332.33        65.55         5.6048        0.2506         2607          10618        0.0140        1.1662        0.6887        0.8496        Set4
61501.4036    9573.8037     908.6932      -0.5500       0.8177        0.1699        326.08        80.22         6.5262        0.3145         506           10645        0.0049        0.6560        0.3857        0.3168        Set4
61501.9004    9574.1922     908.5923      -0.5430       0.8107        0.2191        326.18        77.35         6.5501        0.2468         513           10688        0.0041        0.5657        0.3543        0.2016        Set4
61502.1130    9574.7578     910.4242      -0.5024       0.8526        0.1437        329.49        81.74         4.0816        0.1749         1271          10698        0.0173        0.7993        0.6990        0.5184        Set4
61502.4398    9575.0700     909.9245      -0.5803       0.7904        0.1961        323.71        78.69         6.0085        0.3512         1585          10735        0.0119        0.6942        1.1054        0.7344        Set4
61503.4834    9575.6535     910.2044      -0.5155       0.8238        0.2358        327.96        76.36         6.8257        0.1295         7628          10794        0.0113        1.8084        1.2401        2.2752        Set4
61503.2559    9575.7543     909.3141      -0.5215       0.7624        0.3831        325.63        67.47         6.4911        0.1464         995           10840        0.0053        0.4914        0.6332        0.3456        Set4
61503.6747    9576.1101     909.2248      -0.5304       0.7652        0.3648        325.27        68.61         6.5721        0.1837         869           10899        0.0053        0.4594        0.7491        0.3744        Set4
61504.7917    9577.1955     909.2814      -0.4857       0.7895        0.3752        328.40        67.96         5.8530        0.0916         1656          11003        0.0072        0.7040        0.6366        0.4752        Set4
61504.9172    9576.7499     910.2710      -0.5614       0.7870        0.2559        324.50        75.17         6.2014        0.2903         1018          11005        0.0069        0.6106        0.6614        0.4608        Set4
61505.4760    9577.6877     909.5144      -0.5035       0.8616        0.0638        329.70        86.34         5.1122        0.5203         726           11068        0.0123        0.7295        0.4293        0.3888        Set4
61505.4413    9577.3692     910.3999      -0.5328       0.8233        0.1955        327.09        78.73         6.1807        0.2178         619           11079        0.0047        0.3663        0.5526        0.2016        Set4
61505.4983    9577.6012     909.2907      -0.5939       0.7617        0.2590        322.06        74.99         4.6125        0.5293         135           11081        0.0080        0.3742        0.2438        0.1584        Set4
61505.4913    9577.8030     908.7213      0.5561        -0.8280       0.0726        146.12        85.84         4.3493        0.4783         397           11088        0.0134        0.4804        0.4738        0.2304        Set4
61505.7836    9577.6759     910.1013      -0.4727       0.8599        0.1927        331.20        78.89         6.6552        0.2337         2981          11105        0.0062        0.6085        0.8946        0.6048        Set4
61505.7044    9577.8727     910.4659      0.3255        0.9164        0.2329        19.55         76.53         7.6384        0.4287         181           11109        0.0033        0.4785        0.5243        0.3024        Set4
61505.9176    9577.9888     909.3039      -0.5724       0.8087        0.1353        324.71        82.23         6.4398        0.3954         1512          11117        0.0074        0.7677        0.6805        0.4896        Set4
61506.0962    9578.3259     908.6910      -0.5537       0.7902        0.2626        324.98        74.77         5.6054        0.0916         1821          11134        0.0079        0.7573        0.7868        0.5904        Set4
61506.6237    9578.5382     908.1695      -0.4575       0.8583        0.2322        331.94        76.57         6.7648        0.8328         2258          11147        0.0097        1.5016        0.5296        0.7776        Set4
61506.3578    9578.1136     910.0149      -0.5191       0.8395        0.1605        328.27        80.76         6.1225        0.0703         4042          11162        0.0070        0.7615        0.7039        0.6048        Set4
61506.6125    9578.4872     909.4580      -0.4702       0.8291        0.3025        330.44        72.39         5.6842        0.1200         1907          11211        0.0067        0.5881        0.5713        0.4032        Set4
61507.6562    9579.3085     908.9377      -0.4816       0.8593        0.1721        330.73        80.09         6.4845        1.1373         15664         11226        0.0196        2.5729        0.8648        1.8144        Set4
61507.7740    9579.0910     908.2326      -0.4972       0.8440        0.2010        329.50        78.41         6.2381        0.0355         13836         11326        0.0076        1.1766        0.8748        1.1232        Set4
61507.6658    9580.6175     909.8875      -0.5300       0.8264        0.1900        327.32        79.05         5.2682        0.3695         2819          11374        0.0115        0.7415        0.6274        0.4896        Set4
61507.7292    9580.3263     910.7773      -0.6633       0.6817        0.3089        315.78        72.01         5.1760        1.9144         874           11392        0.0100        0.1699        0.6622        0.1584        Set4
61508.8082    9579.7990     908.1917      -0.5414       0.8209        0.1818        326.59        79.53         6.0540        0.1464         23429         11428        0.0114        1.4864        1.1913        1.6848        Set4
61508.5301    9581.1545     910.3737      -0.4474       0.8388        0.3104        331.93        71.92         5.5190        1.4408         465           11462        0.0113        0.2320        0.8104        0.2880        Set4
61508.5940    9581.4216     909.9287      -0.4922       0.7858        0.3746        327.94        68.00         5.5274        0.3394         1041          11471        0.0058        0.2826        0.4353        0.1728        Set4
61512.0581    9583.8736     909.3772      -0.4868       0.7948        0.3625        328.51        68.75         7.7456        0.5914         233903        11491        0.0270        6.8587        3.2151        11.0592       Set4
61509.4994    9580.1935     908.5511      -0.4677       0.8497        0.2435        331.17        75.91         5.5811        0.1321         6928          11539        0.0101        0.8111        0.7634        0.6336        Set4
61510.9385    9581.4433     908.0979      -0.4353       0.8095        0.3940        331.73        66.79         5.3791        0.3782         39030         11614        0.0277        1.7823        1.3419        2.0880        Set4
61511.6242    9582.8686     908.2485      -0.5102       0.8503        0.1288        329.03        82.60         4.6640        0.0519         7483          11714        0.0106        0.5324        0.5491        0.3600        Set4
61512.0801    9583.2790     908.1801      -0.5355       0.8321        0.1445        327.23        81.69         5.5898        0.3300         8786          11763        0.0097        0.6490        0.8313        0.5472        Set4
61512.6914    9584.4778     908.3678      -0.2972       0.8008        0.5200        339.64        58.67         6.7084        0.2098         19550         11766        0.0103        1.5655        1.0047        1.5264        Set4
61513.6691    9586.7548     909.8408      0.1173        0.9922        0.0417        6.74          87.61         4.3112        0.4243         4089          11851        0.0183        0.6595        0.5318        0.4320        Set4
61513.7322    9586.6738     909.4884      0.1664        0.9644        0.2054        9.79          78.15         5.0490        0.6267         2164          11866        0.0084        0.4073        0.4280        0.2016        Set4
61513.7478    9587.8995     909.4707      -0.6035       0.7036        0.3751        319.38        67.97         5.9629        0.8060         869           11875        0.0068        0.2050        0.6005        0.1584        Set4
61513.8461    9588.2284     909.0082      -0.5479       0.7523        0.3658        323.94        68.54         5.8170        0.3015         1261          11878        0.0060        0.4497        0.4264        0.2160        Set4
61514.3086    9588.3791     909.3964      -0.5318       0.7592        0.3752        324.99        67.96         6.4152        0.3016         1209          11943        0.0056        0.4369        0.5770        0.3024        Set4
61514.5637    9588.6995     909.1865      -0.4730       0.8065        0.3547        329.61        69.23         5.5530        0.3965         2491          11958        0.0123        0.7184        0.8206        0.6048        Set4
61514.5642    9584.5168     907.0082      0.4059        -0.9107       0.0767        155.98        85.60         3.2686        2.4065         4783          11960        0.0254        0.6406        0.3108        0.2304        Set4
61515.5486    9586.6873     907.4626      -0.4974       0.8264        0.2641        328.96        74.69         7.1039        1.2353         4007          12000        0.0089        1.7064        0.4466        0.7776        Set4
61515.1926    9590.0961     908.8279      -0.5255       0.7556        0.3910        325.18        66.99         5.7408        0.6449         333           12048        0.0058        0.2358        0.4058        0.1584        Set4
61515.4079    9590.3984     908.5707      -0.5118       0.8110        0.2835        327.74        73.53         4.5607        0.9615         524           12060        0.0112        0.2490        0.5472        0.2016        Set4
61515.6295    9590.5688     908.6683      -0.3536       0.9349        0.0308        339.28        88.24         3.4435        0.2036         717           12079        0.0150        0.4701        0.4648        0.2160        Set4
61515.7537    9590.7666     908.2948      -0.5527       0.7663        0.3276        324.20        70.88         6.6000        0.0965         1064          12082        0.0053        0.6717        0.5135        0.4176        Set4
61515.7501    9591.2549     909.1857      -0.4945       0.7846        0.3741        327.78        68.03         5.9216        0.3118         703           12088        0.0056        0.5982        0.2767        0.2160        Set4
61516.2672    9591.5416     908.3576      0.4794        -0.8628       0.1604        150.94        80.77         3.8659        0.2034         653           12129        0.0133        0.4417        0.3488        0.1728        Set4
61516.5896    9591.8819     907.8989      -0.5163       0.8216        0.2416        327.86        76.02         6.0086        0.2811         656           12153        0.0059        0.5051        0.4606        0.2736        Set4
61516.5372    9592.6603     908.7267      -0.5581       0.7522        0.3503        323.43        69.49         6.0721        0.5675         232           12167        0.0060        0.3367        0.4919        0.2016        Set4
61517.2020    9593.5596     908.7021      0.3447        -0.9379       0.0403        159.82        87.69         4.7398        0.2221         659           12202        0.0105        0.5002        0.5132        0.3168        Set4
61517.9895    9594.0485     908.1238      0.5670        -0.7841       0.2523        144.13        75.39         4.9009        0.1146         848           12234        0.0105        0.5530        0.5970        0.4176        Set4
61520.3905    9599.1278     908.8287      -0.3117       0.9502        0.0027        341.84        89.85         3.6993        0.6503         445           12303        0.0150        0.3437        0.4708        0.2160        Set4
61520.6281    9598.1496     908.2884      0.1991        -0.9506       0.2383        168.17        76.21         4.3017        0.4206         753           12306        0.0128        0.5863        0.3635        0.3168        Set4
61521.1204    9596.5279     906.9751      0.1061        0.9839        0.1437        6.16          81.74         7.0153        1.1050         942           12333        0.0065        1.0514        0.3548        0.4752        Set4
61521.9266    9598.7672     907.9741      0.1522        -0.9059       0.3952        170.47        66.72         4.3883        0.4603         355           12458        0.0124        0.5045        0.3988        0.2592        Set4
61522.1786    9598.9536     908.4193      0.3692        -0.8482       0.3799        156.48        67.67         4.3719        0.2289         269           12517        0.0103        0.4161        0.4608        0.2592        Set4
61523.1262    9598.3773     907.6019      -0.0323       -0.9964       0.0784        181.85        85.50         4.7542        0.1154         3915          12566        0.0266        1.6236        1.2977        1.8288        Set4
61523.8488    9599.5169     909.1812      -0.4480       0.7996        0.3999        330.74        66.43         6.8678        0.3831         680           12684        0.0076        1.2095        0.4499        0.6480        Set4
61523.7536    9598.6612     908.3710      -0.0025       -0.9110       0.4125        180.16        65.64         4.3301        0.2947         248           12719        0.0101        0.4590        0.2893        0.1728        Set4
61524.1423    9598.5267     907.5782      0.2241        -0.9737       0.0406        167.04        87.68         5.9285        0.5236         1432          12730        0.0134        1.0807        1.0342        0.8928        Set4
61524.2631    9597.3995     906.9196      -0.2084       -0.9689       0.1331        192.14        82.35         5.9415        0.4094         621           12777        0.0068        0.4784        0.6328        0.3312        Set4
61524.6700    9600.0159     909.2762      -0.4379       0.7938        0.4221        331.11        65.03         7.0129        0.2170         693           12836        0.0066        1.0659        0.7079        0.7056        Set4
61524.6412    9598.4760     907.4336      -0.1039       -0.9131       0.3942        186.49        66.78         5.0876        0.5104         270           12843        0.0086        0.5026        0.2212        0.2016        Set4
61525.0713    9598.7880     907.7600      -0.0245       -0.9854       0.1684        181.43        80.30         4.0002        0.7047         207           12901        0.0137        0.5150        0.2221        0.2016        Set4
61526.9142    9599.0180     908.4006      -0.3912       0.8252        0.4074        334.64        65.96         4.7453        0.3613         289           13007        0.0081        0.3938        0.3393        0.1584        Set4
61527.1422    9598.5704     907.6428      -0.2597       -0.9024       0.3437        196.05        69.89         4.0922        0.3128         248           13022        0.0090        0.3245        0.2533        0.1584        Set4
61528.3837    9598.3190     908.0045      -0.4869       0.7961        0.3593        328.55        68.95         5.4540        0.1830         233           13110        0.0049        0.3215        0.3559        0.1728        Set4
61528.9827    9597.9889     907.1706      -0.1420       0.9785        0.1493        351.74        81.41         3.7081        0.2554         1513          13134        0.0229        0.7293        0.5351        0.4464        Set4
61530.4926    9597.4867     906.5878      0.2040        0.7735        0.6001        14.78         53.12         5.5650        0.7748         251           13271        0.0068        0.4738        0.1427        0.1584        Set4
61530.5706    9597.6948     906.8803      0.0704        0.9856        0.1535        4.09          81.17         5.0056        0.2182         312           13291        0.0062        0.4574        0.2495        0.1584        Set4
61531.1922    9598.4077     907.6811      0.0169        -0.9820       0.1881        179.01        79.16         5.0908        0.5540         742           13341        0.0111        0.7907        0.3400        0.3456        Set4
61531.1154    9598.4410     907.8972      0.2405        -0.8860       0.3964        164.81        66.64         3.7056        0.3323         259           13356        0.0128        0.4039        0.2445        0.1584        Set4
61531.4143    9597.0794     906.1869      -0.0178       -0.9952       0.0961        181.03        84.48         4.9461        0.3519         1229          13362        0.0133        0.8227        0.5310        0.4896        Set4
61531.7184    9599.1688     909.2747      -0.0154       -0.7942       0.6075        181.11        52.59         5.4616        0.1496         166           13445        0.0049        0.3626        0.2820        0.1584        Set4
61531.7600    9598.4032     907.6358      0.3929        -0.9149       0.0926        156.76        84.69         4.8697        0.4259         246           13451        0.0077        0.4382        0.2435        0.1584        Set4
61532.5952    9597.0961     906.4360      -0.0301       -0.9995       0.0062        181.73        89.64         4.2099        0.3675         5427          13461        0.0386        1.6800        1.0851        1.6704        Set4
61532.1641    9598.6126     907.9497      -0.1377       -0.9503       0.2791        188.25        73.79         5.7381        2.3513         194           13510        0.0095        0.3870        0.6864        0.2592        Set4
61532.4266    9598.6419     908.2609      -0.4561       0.8022        0.3853        330.38        67.34         7.0356        0.1181         1460          13511        0.0061        1.0670        0.7491        0.8640        Set4
61532.9600    9599.2105     908.7804      0.0394        -0.9168       0.3975        177.54        66.58         4.3812        0.2257         456           13584        0.0120        0.5902        0.3826        0.2880        Set4
61533.3025    9598.5719     907.9194      0.1004        0.9948        0.0167        5.76          89.04         4.3162        0.8644         680           13614        0.0168        0.6601        0.3687        0.3600        Set4
61533.4429    9596.9438     905.8492      -0.0059       -0.9538       0.3002        180.35        72.53         4.2544        0.4647         363           13661        0.0104        0.3875        0.3732        0.1584        Set4
61533.9529    9596.9887     905.8976      -0.0032       -0.9528       0.3035        180.19        72.33         5.3931        0.5827         1293          13664        0.0173        1.4257        0.4860        0.8064        Set4
61533.7865    9599.2523     908.7704      -0.4649       0.8236        0.3249        330.55        71.04         4.9594        0.2317         961           13689        0.0166        0.9105        0.7211        0.7920        Set4
61533.9660    9598.3069     907.4617      -0.2725       -0.9579       0.0902        195.88        84.83         4.4045        0.5078         1131          13726        0.0211        0.8493        0.6128        0.5184        Set4
61533.9714    9597.1980     906.3710      -0.0075       0.9900        0.1408        359.57        81.91         4.2733        0.3958         319           13740        0.0096        0.3314        0.3898        0.1728        Set4
61534.5241    9599.2727     908.7416      0.2790        0.9290        0.2433        16.72         75.92         5.4846        0.5846         335           13811        0.0096        0.3336        0.6469        0.2880        Set4
61534.8290    9599.1220     908.7538      0.3787        0.8892        0.2568        23.07         75.12         5.7394        0.6306         164           13850        0.0067        0.4114        0.4019        0.1728        Set4
61535.0355    9599.0713     908.5487      0.3618        0.8954        0.2598        22.00         74.94         5.1097        0.2073         171           13894        0.0068        0.2958        0.4749        0.1728        Set4
61535.2817    9597.0818     905.7578      -0.0418       0.9740        0.2228        357.54        77.13         5.9040        0.2945         335           13909        0.0051        0.5147        0.2409        0.2160        Set4
61536.7884    9599.2093     907.7479      0.0472        0.9953        0.0844        2.71          85.16         6.5495        0.0742         4393          13974        0.0101        1.3144        1.1935        1.6992        Set4
61537.3099    9599.1575     907.0337      0.0151        0.9971        0.0740        0.87          85.76         5.8155        0.2141         319           14038        0.0060        0.6162        0.3682        0.2448        Set4
61537.2930    9599.1052     908.3633      0.0107        0.9893        0.1458        0.62          81.62         5.9626        0.3665         348           14039        0.0061        0.5733        0.3412        0.2592        Set4
61537.8448    9599.1069     907.2197      0.0300        0.9950        0.0956        1.73          84.51         6.7865        0.3350         835           14062        0.0073        1.1237        0.5415        0.6912        Set4
61539.7745    9598.6933     907.3793      -0.0233       0.9856        0.1674        358.65        80.37         7.2730        0.5714         252           14155        0.0047        0.8899        0.2680        0.4032        Set4
61540.4714    9598.3728     906.7250      -0.2235       -0.9647       0.1393        193.04        81.99         5.2707        0.3699         109           14232        0.0076        0.2550        0.4250        0.1584        Set4
61544.0134    9598.6637     906.3296      0.3389        0.8949        0.2904        20.74         73.12         7.0532        0.1966         250           14360        0.0053        0.8419        0.5526        0.5328        Set4
61544.4465    9598.6183     905.9422      0.3428        0.8958        0.2831        20.94         73.56         5.6333        0.2704         69            14427        0.0048        0.2615        0.3217        0.1584        Set4
61545.7154    9598.3971     905.1994      0.3588        0.8986        0.2526        21.77         75.37         6.4232        0.1489         90            14516        0.0042        0.3671        0.3987        0.2016        Set4
61497.2045    9571.6145     909.9049      -0.7812       -0.6223       0.0501        231.46        87.13         4.8796        0.1500         1239          11271        0.0075        0.4340        0.3516        0.2304        Set5
61498.6807    9572.6222     910.7080      -0.7763       -0.2176       0.5916        254.34        53.73         5.7989        0.6790         507           11313        0.0078        0.3118        0.4695        0.2304        Set5
61502.5620    9575.5689     910.9652      -0.7639       -0.6430       0.0560        229.91        86.79         5.0969        1.1454         323           11382        0.0086        0.5701        0.1629        0.1872        Set5
61504.5358    9577.1976     910.9131      0.9440        0.1715        0.2821        79.70         73.62         6.4664        2.2559         224           11424        0.0072        0.7246        0.1040        0.2016        Set5
61511.1246    9582.8355     908.9846      0.7737        0.5820        0.2503        53.05         75.50         5.2191        0.3234         1840          11524        0.0117        0.9998        0.6675        0.6480        Set5
61511.2577    9582.3709     908.8558      0.8985        0.2326        0.3723        75.48         68.15         5.4312        0.7558         2399          11532        0.0105        0.3924        0.6293        0.3600        Set5
61511.5331    9582.5094     908.0869      -0.7683       -0.6198       0.1597        231.11        80.81         6.3557        0.3350         833           11542        0.0054        0.5382        0.3243        0.2736        Set5
61513.7355    9585.0194     909.7266      0.9443        0.3164        0.0901        71.48         84.83         5.4477        0.2612         206           11616        0.0054        0.3375        0.2790        0.1584        Set5
61525.8838    9599.8697     908.8049      -0.7271       -0.6508       0.2187        228.17        77.37         6.3099        0.1675         1946          11869        0.0122        1.4673        0.9259        1.5696        Set5
61528.1321    9598.5344     908.4467      -0.8412       -0.5232       0.1369        238.12        82.13         4.9465        0.7528         524           12033        0.0093        0.4390        0.3299        0.1584        Set5
61528.5351    9598.6056     908.6737      -0.8602       -0.4528       0.2347        242.24        76.42         5.4758        1.3443         560           12045        0.0106        0.6829        0.2074        0.2880        Set5
61529.2139    9598.3415     908.3108      -0.9300       -0.3563       0.0902        249.04        84.82         5.1822        0.1296         2333          12052        0.0116        0.8036        0.5260        0.6336        Set5
61529.4164    9599.0047     907.9021      -0.9149       -0.3965       0.0753        246.57        85.68         4.1039        0.1662         515           12091        0.0095        0.4033        0.2841        0.1728        Set5
61529.6204    9598.7102     907.6799      -0.7283       -0.6132       0.3060        229.90        72.18         4.2830        0.4143         379           12111        0.0121        0.5060        0.2851        0.2016        Set5
61531.3061    9597.3897     906.5702      -0.8061       -0.4690       0.3610        239.81        68.84         4.3731        0.6597         352           12246        0.0088        0.4141        0.1689        0.1584        Set5
61531.8766    9597.3998     907.0014      -0.6859       -0.4481       0.5733        236.84        55.02         4.0681        1.2599         215           12292        0.0105        0.3557        0.1779        0.1584        Set5
61532.9304    9598.7354     908.0334      0.7470        0.5668        0.3475        52.81         69.67         4.0596        0.9352         472           12341        0.0152        0.5552        0.2772        0.2016        Set5
61535.1767    9598.9986     908.1682      -0.7878       -0.6117       0.0722        232.17        85.86         4.5999        0.3487         274           12419        0.0081        0.3928        0.3090        0.2160        Set5
61535.2963    9598.7770     907.6719      -0.7577       -0.6391       0.1317        229.85        82.43         5.8629        0.3128         410           12422        0.0070        0.4575        0.6939        0.3600        Set5
61535.5115    9598.3765     906.9182      -0.7317       -0.6461       0.2173        228.56        77.45         5.6773        1.2462         237           12440        0.0085        0.5856        0.3455        0.2016        Set5
61538.8094    9598.9279     907.3557      -0.8085       -0.5826       0.0824        234.22        85.27         6.9228        0.6121         3788          12538        0.0177        2.5641        1.2448        2.4768        Set5
61538.6091    9599.2198     908.2718      0.8759        0.4783        0.0629        61.36         86.39         5.5235        0.3995         260           12557        0.0074        0.4997        0.2734        0.2160        Set5
61539.1463    9598.1301     905.9635      -0.8049       -0.5781       0.1337        234.31        82.32         6.5304        0.7450         320           12625        0.0078        0.8927        0.4491        0.3888        Set5
61539.2621    9598.8729     907.9570      0.9208        0.3897        0.0131        67.06         89.25         5.2738        0.3599         271           12658        0.0078        0.4982        0.2801        0.2160        Set5
61541.7189    9599.3894     907.5965      -0.8182       -0.5681       0.0884        235.23        84.93         5.7061        0.1657         144           12701        0.0057        0.4314        0.4494        0.2304        Set5
61541.9514    9599.1458     907.4418      0.8053        0.5913        0.0431        53.71         87.53         5.3749        0.5126         146           12711        0.0068        0.2701        0.5117        0.1584        Set5
61542.2915    9598.9506     906.2274      0.8489        0.5285        0.0122        58.10         89.30         5.7305        0.2748         217           12728        0.0060        0.3224        0.4872        0.2160        Set5
61542.4938    9598.6801     905.9167      -0.8265       -0.5608       0.0486        235.84        87.22         5.7057        0.1197         337           12739        0.0074        0.5496        0.5876        0.3888        Set5
61542.8185    9598.7077     906.9140      0.8501        0.5176        0.0968        58.67         84.45         4.9448        0.4547         248           12774        0.0108        0.4270        0.5321        0.2448        Set5
61545.8105    9598.9526     906.7995      0.8522        0.5202        0.0561        58.60         86.79         6.1435        0.3042         236           12842        0.0063        0.5052        0.5210        0.3312        Set5
61547.2432    9599.0587     906.2358      -0.9023       -0.4311       0.0075        244.46        89.57         5.5772        0.1535         292           12893        0.0066        0.4817        0.4037        0.2736        Set5
61550.7868    9599.6008     906.7919      0.7810        0.6240        0.0253        51.38         88.55         6.4193        0.5026         101           13024        0.0055        0.2466        0.5598        0.2016        Set5
61552.1586    9599.6736     906.6301      0.9100        0.3892        0.1431        66.84         81.78         5.9273        0.3361         168           13092        0.0064        0.6041        0.3877        0.3312        Set5
