X             Y             Z             A             B             C             Azimuth       Dip           M             K             Population    Number        Rugosity      Length        Height        Area          Set
61433.2234    9563.2700     919.6207      -0.5809       0.8100        0.0804        324.36        85.39         5.3614        0.2141         894           87           0.0077        0.5143        0.5027        0.3024        Set4
61433.3983    9563.1385     924.3820      -0.3422       0.8955        0.2847        339.09        73.46         5.0872        0.5044         6262          109          0.0229        0.6726        1.4621        0.9072        Set4
61433.3356    9564.5826     924.9653      0.1745        0.9812        0.0821        10.08         85.29         4.6312        0.2224         1218          156          0.0106        0.3960        0.7014        0.3312        Set4
61433.3534    9565.9072     925.3136      0.2125        0.9771        0.0149        12.27         89.15         5.4713        0.0870         1560          161          0.0053        0.4295        0.4171        0.2160        Set4
61433.3033    9566.1875     924.2437      -0.1237       0.9466        0.2976        352.55        72.69         4.9808        0.8988         2165          163          0.0109        0.2726        0.6098        0.2448        Set4
61433.6849    9569.7539     920.2500      -0.1879       0.9445        0.2695        348.75        74.37         7.7374        0.8334         40288         177          0.0127        0.8350        3.0509        2.1888        Set4
61433.3743    9568.6753     920.1876      -0.3461       0.9326        0.1023        339.64        84.13         6.2802        0.4001         268           230          0.0044        0.2420        0.5241        0.2160        Set4
61433.5589    9566.0602     920.4554      -0.5486       0.8304        0.0978        326.55        84.39         6.0832        0.3406         2586          289          0.0069        0.5409        0.6839        0.3888        Set4
61433.5553    9568.1344     926.0892      0.0277        0.9973        0.0674        1.59          86.13         6.1033        0.4286         3674          301          0.0082        0.4432        0.9650        0.4896        Set4
61433.5520    9563.0110     923.1312      0.3178        -0.8876       0.3335        160.30        70.52         4.6722        0.5146         1331          333          0.0097        0.4236        0.3724        0.1872        Set4
61433.7473    9569.2348     921.4457      -0.2872       0.9152        0.2827        342.58        73.58         6.1288        0.7285         4038          383          0.0080        0.8689        0.5485        0.4320        Set4
61433.7050    9566.1642     921.6066      -0.5865       0.8013        0.1179        323.80        83.23         5.7317        0.4556         1377          442          0.0062        0.4781        0.4702        0.2304        Set4
61433.7816    9566.3243     919.9314      -0.5683       0.8091        0.1496        324.92        81.40         7.1855        0.2900         5481          444          0.0062        0.5815        1.1596        0.6912        Set4
61433.7627    9567.9689     924.1701      -0.2847       0.9322        0.2236        343.02        77.08         6.2100        0.5151         9952          464          0.0087        0.4682        1.1609        0.6480        Set4
61433.8092    9563.3073     923.3251      0.2695        -0.8900       0.3679        163.15        68.42         3.5856        0.3439         1725          496          0.0168        0.5117        0.3575        0.2160        Set4
61433.7723    9566.3506     921.9851      -0.2511       0.9419        0.2231        345.07        77.11         6.3514        0.4343         4037          518          0.0058        0.3646        0.6786        0.2448        Set4
61433.7360    9566.6924     922.4337      -0.4852       0.7824        0.3905        328.20        67.02         4.8953        0.0971         3183          524          0.0073        0.3882        0.3700        0.2160        Set4
61433.7793    9567.7359     924.7895      -0.3153       0.9317        0.1804        341.30        79.61         5.1556        0.1534         2530          526          0.0058        0.4008        0.3487        0.1728        Set4
61434.1202    9568.3996     926.1075      -0.3537       0.9043        0.2392        338.64        76.16         5.6652        0.1698         26124         533          0.0165        1.2464        1.4704        1.6704        Set4
61433.8789    9558.3815     922.0503      -0.4267       0.8464        0.3187        333.25        71.41         6.4359        0.3253         2780          547          0.0062        0.4411        0.7383        0.3888        Set4
61433.8413    9563.4847     922.4435      0.5745        -0.8157       0.0680        144.84        86.10         3.9324        0.5842         1470          571          0.0185        0.3556        0.6506        0.3168        Set4
61433.9981    9559.6509     918.8179      -0.1699       -0.9563       0.2378        190.07        76.24         4.1679        1.3566         2542          618          0.0217        0.5868        0.6823        0.3744        Set4
61433.9198    9568.9297     922.5592      -0.3747       0.9182        0.1287        337.80        82.61         6.3404        1.2644         12447         651          0.0138        0.3708        1.6355        0.5904        Set4
61434.5599    9570.0623     923.3027      -0.3751       0.8947        0.2425        337.26        75.96         6.6750        0.1880         110260        656          0.0173        1.6506        2.9205        3.7728        Set4
61433.9916    9563.6407     922.6136      0.5893        -0.7814       0.2053        142.98        78.15         5.1890        0.8757         826           694          0.0098        0.2766        0.5077        0.1872        Set4
61434.0030    9568.6011     923.5737      -0.3331       0.9132        0.2348        339.96        76.42         4.4197        0.4197         2103          725          0.0101        0.3773        0.4035        0.2160        Set4
61434.3028    9568.2636     925.0870      -0.4691       0.8636        0.1847        331.49        79.36         5.7222        0.1395         11018         768          0.0084        0.7935        0.6313        0.5904        Set4
61434.3478    9569.7096     921.3020      -0.1675       0.9121        0.3741        349.59        68.03         4.5052        1.9368         7427          777          0.0341        0.5111        1.5569        0.8208        Set4
61434.1815    9558.1732     923.0837      -0.3105       0.9046        0.2920        341.06        73.02         5.4477        1.0349         2826          792          0.0143        0.3656        1.3032        0.5472        Set4
61434.0896    9569.3303     921.9193      -0.0785       0.9768        0.1993        355.41        78.50         4.9723        0.3158         1369          842          0.0066        0.3352        0.3492        0.1584        Set4
61434.2371    9569.7844     922.1746      -0.3533       0.9008        0.2524        338.59        75.38         6.1838        0.3568         4803          843          0.0057        0.5614        0.4376        0.2592        Set4
61434.4129    9574.2185     919.5222      -0.4229       0.9033        0.0721        334.91        85.86         5.6408        0.4633         5502          969          0.0088        0.4581        0.6923        0.3168        Set4
61434.5370    9557.6080     922.8910      -0.4315       0.8142        0.3885        332.08        67.14         4.3411        0.8140         1360          984          0.0223        0.4761        0.8616        0.5328        Set4
61434.4526    9570.1200     920.8771      -0.1843       0.9616        0.2032        349.15        78.27         5.0702        0.1753         2476          1007         0.0066        0.3519        0.5151        0.2736        Set4
61434.6076    9568.6471     924.7361      -0.4468       0.8752        0.1857        332.95        79.30         5.1015        0.3107         1878          1044         0.0058        0.4533        0.3594        0.2160        Set4
61434.8188    9568.9153     926.8191      0.1325        0.9903        0.0425        7.62          87.57         7.1891        0.3163         7232          1092         0.0072        0.9233        1.3938        1.0944        Set4
61434.6371    9574.9288     919.8722      -0.5720       0.7515        0.3286        322.72        70.82         4.5121        0.2485         2732          1110         0.0123        0.4444        0.4702        0.2736        Set4
61434.7029    9569.4176     924.6038      -0.3522       0.9117        0.2114        338.88        77.80         6.2959        0.8248         3696          1134         0.0062        0.3180        0.6644        0.2304        Set4
61434.7269    9570.0880     921.3278      -0.2241       0.9506        0.2150        346.73        77.59         4.4353        0.3332         1587          1139         0.0084        0.2606        0.3923        0.1728        Set4
61434.9131    9575.5004     919.6362      -0.4772       0.8764        0.0652        331.43        86.26         7.7348        0.6113         11520         1157         0.0056        0.9662        1.0991        0.7344        Set4
61435.0140    9556.9853     922.8270      0.1282        0.9836        0.1272        7.43          82.69         5.9491        0.2935         6726          1164         0.0135        1.0174        1.4986        1.1664        Set4
61434.7768    9569.0622     925.4243      -0.3273       0.8986        0.2924        339.99        73.00         6.1467        0.8141         4867          1180         0.0096        0.3395        1.0086        0.3744        Set4
61434.8271    9570.3228     921.1304      -0.4440       0.8749        0.1932        333.09        78.86         5.8544        1.9571         681           1225         0.0090        0.2979        0.7084        0.2448        Set4
61434.9645    9571.8782     925.0527      -0.3715       0.8968        0.2404        337.50        76.09         4.8311        0.7723         2354          1309         0.0113        0.2697        0.6792        0.2304        Set4
61435.2881    9572.2468     921.2816      -0.3453       0.9027        0.2568        339.07        75.12         5.9082        0.0686         10923         1359         0.0076        0.7570        0.9032        0.6912        Set4
61435.1685    9573.1022     921.8850      -0.4612       0.8673        0.1873        332.00        79.20         6.4768        0.3915         2558          1420         0.0045        0.3444        0.5745        0.2016        Set4
61435.2694    9554.8818     920.0601      0.1571        0.9669        0.2012        9.23          78.39         4.5222        0.3480         2140          1452         0.0085        0.2935        0.5740        0.2016        Set4
61435.4001    9572.3719     925.2803      -0.4599       0.8574        0.2309        331.79        76.65         4.8168        2.4381         1786          1635         0.0207        0.2443        1.0813        0.4176        Set4
61435.5213    9572.7559     921.4393      -0.3162       0.9076        0.2761        340.79        73.97         6.4118        0.6979         326           1636         0.0058        0.5381        0.5173        0.3024        Set4
61435.7418    9575.6567     922.6194      -0.4848       0.7872        0.3812        328.37        67.59         4.7641        0.3224         16009         1725         0.0223        0.8881        1.2605        1.0512        Set4
61435.6192    9572.6346     925.5525      -0.3101       0.9489        0.0583        341.90        86.66         5.1998        1.2803         2995          1788         0.0160        0.3045        1.2696        0.4320        Set4
61435.9242    9550.5030     921.5048      -0.1370       0.9825        0.1266        352.06        82.73         7.3409        0.8719         2139          1973         0.0059        0.3047        0.9570        0.3888        Set4
61435.8965    9574.1111     926.0747      -0.5111       0.8555        0.0828        329.15        85.25         5.5930        0.2248         1715          2021         0.0070        0.4167        0.5819        0.2736        Set4
61436.0368    9545.2403     917.4724      -0.4189       0.8593        0.2935        334.01        72.93         6.4324        1.1551         541           2094         0.0071        0.2471        0.8400        0.3024        Set4
61436.0751    9550.1918     922.3804      -0.2131       0.9676        0.1354        347.58        82.22         5.8841        0.2292         839           2105         0.0047        0.3564        0.4340        0.2160        Set4
61435.9751    9551.6642     921.9778      -0.5254       0.8038        0.2790        326.83        73.80         4.7493        0.2230         308           2109         0.0061        0.2370        0.3827        0.1584        Set4
61436.1752    9574.2682     926.3005      -0.4657       0.8616        0.2019        331.61        78.35         4.7914        0.2894         1986          2142         0.0152        0.6337        0.7428        0.4896        Set4
61436.1254    9575.8521     923.2271      -0.4068       0.8613        0.3045        334.71        72.27         5.3112        2.4960         4387          2147         0.0179        0.7225        1.0876        0.5040        Set4
61436.0404    9577.7362     920.0034      -0.5241       0.8513        0.0252        328.38        88.56         3.8510        1.2471         1458          2158         0.0142        0.2698        0.4455        0.1584        Set4
61436.1475    9543.7979     917.1632      -0.4814       0.8322        0.2752        329.95        74.03         4.9092        0.5826         868           2164         0.0076        0.3337        0.3666        0.1584        Set4
61436.3016    9574.8364     925.0274      -0.3839       0.8979        0.2155        336.85        77.55         6.6465        0.1686         6259          2201         0.0062        0.6811        0.8700        0.6336        Set4
61436.1390    9541.7479     916.6892      -0.3328       0.8070        0.4879        337.59        60.79         4.4073        1.2606         451           2226         0.0143        0.2784        0.5381        0.2448        Set4
61436.2239    9546.2266     918.8523      -0.5949       0.7524        0.2827        321.67        73.58         5.4387        0.8106         200           2236         0.0078        0.3067        0.5518        0.2016        Set4
61436.3360    9574.6890     925.7807      -0.2810       0.9512        0.1276        343.54        82.67         3.5570        0.5970         3089          2255         0.0277        0.5462        0.7918        0.4464        Set4
61436.2575    9542.1440     917.0394      -0.5133       0.8025        0.3041        327.39        72.30         6.0014        0.6559         416           2286         0.0065        0.2359        0.5335        0.2016        Set4
61436.3446    9576.2870     922.2728      0.3076        -0.9468       0.0944        162.00        84.58         3.3212        0.1481         1588          2324         0.0131        0.3452        0.4353        0.1728        Set4
61436.4740    9546.4165     919.9550      0.1561        0.9770        0.1451        9.08          81.66         4.2522        0.1035         1385          2344         0.0149        0.7018        0.7120        0.4608        Set4
61436.5418    9546.6308     920.5710      0.2120        -0.9762       0.0449        167.75        87.42         4.0982        0.3448         1296          2345         0.0180        0.5840        0.6983        0.4176        Set4
61436.4086    9544.1974     917.8572      -0.4463       0.8262        0.3438        331.62        69.89         5.5964        0.8748         769           2388         0.0062        0.2559        0.3982        0.1584        Set4
61436.5921    9576.1883     924.9949      -0.0308       0.9980        0.0558        358.23        86.80         5.4661        3.7864         712           2493         0.0099        0.1383        0.7000        0.1584        Set4
61436.8486    9540.9046     918.8074      -0.2123       0.9445        0.2506        347.33        75.48         6.9377        0.8960         151           2500         0.0042        0.3639        0.4229        0.1728        Set4
61436.8393    9577.3819     922.9253      -0.3707       0.9200        0.1274        338.05        82.68         4.9640        0.3614         3220          2569         0.0092        0.3670        0.6392        0.3024        Set4
61436.8982    9541.5308     918.8054      -0.3382       0.9244        0.1764        339.90        79.84         6.2378        2.2150         424           2577         0.0064        0.2934        0.5507        0.1872        Set4
61436.9999    9544.8953     920.2120      -0.2437       0.8477        0.4712        343.96        61.89         5.4002        0.4894         1459          2609         0.0081        0.2754        0.4790        0.2016        Set4
61436.9993    9576.6742     925.2026      -0.4675       0.8741        0.1321        331.86        82.41         3.3898        0.1665         741           2627         0.0126        0.3206        0.3698        0.1584        Set4
61437.3245    9542.3338     921.1390      -0.3184       0.8936        0.3164        340.39        71.56         6.5526        0.3003         1608          2723         0.0068        0.5431        0.8385        0.4464        Set4
61437.1663    9543.2114     920.6566      -0.4814       0.7859        0.3881        328.51        67.16         5.1468        0.9859         1027          2728         0.0117        0.3000        0.6901        0.2880        Set4
61437.4249    9543.9955     921.4068      -0.4475       0.8853        0.1268        333.18        82.72         6.2667        0.3685         8281          2729         0.0112        0.7248        1.3888        1.0224        Set4
61437.3103    9538.6820     918.7081      -0.5278       0.7143        0.4595        323.54        62.64         6.1775        1.0721         200           2768         0.0075        0.4936        0.5962        0.3024        Set4
61437.3871    9544.8819     921.1202      0.4077        -0.9085       0.0919        155.83        84.72         6.2733        0.2827         567           2793         0.0068        0.4041        0.7819        0.3888        Set4
61437.3038    9546.5425     921.9769      -0.3541       -0.9347       0.0294        200.75        88.32         5.3877        0.3812         228           2801         0.0065        0.2791        0.5056        0.2016        Set4
61437.7015    9540.4189     920.3183      -0.0966       0.9782        0.1836        354.36        79.42         6.6461        1.2717         263           2977         0.0060        0.2384        0.7280        0.2304        Set4
61437.9279    9538.3136     920.0888      0.2907        0.9505        0.1102        17.00         83.67         5.0677        0.2483         807           3067         0.0064        0.2542        0.3969        0.1728        Set4
61438.7302    9534.5679     918.4124      0.2290        0.9038        0.3614        14.22         68.81         4.2549        0.0810         2530          3170         0.0100        0.3933        0.4175        0.2304        Set4
61438.6997    9534.9177     918.4904      -0.3842       0.6841        0.6201        330.68        51.68         5.0868        0.1823         184           3171         0.0069        0.3540        0.3229        0.1584        Set4
61438.7605    9535.8100     918.9022      0.0572        0.9540        0.2944        3.43          72.88         5.1788        0.1735         2352          3187         0.0067        0.3325        0.3921        0.1728        Set4
61438.9394    9532.1356     917.0577      -0.0715       -0.8305       0.5524        184.92        56.47         5.3699        0.8181         722           3220         0.0085        0.3958        0.3789        0.2160        Set4
61438.9136    9534.6187     920.3587      -0.4997       0.7855        0.3650        327.54        68.59         4.6208        0.4071         784           3224         0.0085        0.2633        0.4234        0.1728        Set4
61439.0829    9535.3106     919.0483      -0.2344       0.9590        0.1595        346.27        80.82         4.4865        0.4842         1363          3234         0.0102        0.4452        0.3318        0.1728        Set4
61439.6215    9534.7941     919.9035      -0.3256       0.9385        0.1150        340.87        83.40         5.7983        0.1305         32036         3251         0.0204        1.4757        2.0822        3.0816        Set4
61439.0506    9535.1383     919.4836      -0.4455       0.7955        0.4109        330.75        65.74         5.3484        0.9308         781           3255         0.0085        0.3123        0.5755        0.2304        Set4
61440.0124    9532.0358     917.8037      -0.3435       0.8610        0.3750        338.25        67.98         4.2140        0.5985         1989          3400         0.0169        0.3682        0.6361        0.2592        Set4
61440.3069    9530.5040     916.1570      -0.2067       -0.9527       0.2229        192.24        77.12         3.8985        0.6852         2921          3426         0.0142        0.3798        0.5194        0.2736        Set4
61440.2739    9531.7664     918.9203      -0.1915       -0.9631       0.1892        191.25        79.10         3.9130        0.6493         1272          3435         0.0112        0.3183        0.3256        0.1584        Set4
61440.8332    9530.4090     915.7523      -0.0670       0.9936        0.0913        356.14        84.76         3.5897        0.2376         25262         3479         0.0364        1.1902        1.2241        1.1664        Set4
61440.7915    9532.3259     919.9155      -0.3958       0.8717        0.2889        335.58        73.21         6.3555        0.4506         6067          3491         0.0072        0.8593        0.3942        0.4320        Set4
61440.7400    9531.6008     918.6039      0.0680        0.9781        0.1965        3.98          78.67         4.5224        4.3366         6303          3501         0.0362        0.4359        1.5611        0.7632        Set4
61440.8768    9531.7045     917.7871      0.3606        0.8972        0.2549        21.90         75.23         5.6076        0.2890         5297          3544         0.0097        0.5311        0.7946        0.5040        Set4
61441.7072    9529.7230     915.0148      0.0162        -0.9788       0.2043        179.05        78.21         3.4277        0.3792         13886         3652         0.0369        0.8795        1.1170        0.9072        Set4
61441.7201    9531.4253     917.3709      0.3171        0.8781        0.3582        19.86         69.01         5.4128        0.3881         4860          3696         0.0098        0.5905        0.6216        0.4320        Set4
61441.8644    9530.8732     918.4827      0.3351        -0.8739       0.3522        159.02        69.38         3.9329        0.0300         1960          3720         0.0098        0.3778        0.4377        0.2160        Set4
61441.9661    9529.4024     914.5081      -0.2574       -0.8779       0.4037        196.34        66.19         4.6847        0.7097         1454          3729         0.0103        0.5020        0.2289        0.2016        Set4
61442.1050    9531.1630     917.7647      -0.3501       0.8715        0.3434        338.11        69.92         4.4950        0.0430         3735          3749         0.0119        0.5996        0.5540        0.3456        Set4
61442.2182    9529.4686     914.7137      0.2259        0.9696        0.0939        13.11         84.61         4.7676        0.5884         2522          3779         0.0114        0.5786        0.4058        0.3024        Set4
61442.1415    9530.2698     916.0675      0.0733        -0.9361       0.3441        175.53        69.88         4.9767        1.5051         3273          3786         0.0174        0.3684        0.8405        0.3456        Set4
61442.5795    9529.4971     914.9508      0.1673        0.9837        0.0657        9.65          86.23         3.4537        0.7169         7156          3802         0.0322        1.0641        0.5163        0.5760        Set4
61442.1875    9531.2088     917.2966      0.3690        0.8911        0.2643        22.50         74.68         5.0671        0.1903         1498          3810         0.0075        0.3728        0.4669        0.2160        Set4
61442.5264    9530.1764     916.0497      -0.4088       0.9001        0.1508        335.58        81.33         5.2280        0.1660         7561          3821         0.0107        0.6829        0.5841        0.4320        Set4
61442.7038    9530.0827     915.6994      0.0366        -0.8720       0.4881        177.60        60.79         4.6156        0.5744         1235          3868         0.0093        0.5175        0.2530        0.2160        Set4
61443.2041    9529.2200     914.5250      -0.0118       -0.8864       0.4627        180.76        62.44         4.0465        0.3705         6576          3874         0.0270        1.0791        0.7633        0.7488        Set4
61442.8917    9529.8309     915.3962      -0.3137       0.8704        0.3794        340.18        67.70         5.0924        0.7056         2703          3880         0.0098        0.6503        0.2994        0.2448        Set4
61442.8201    9529.9993     917.5064      0.1095        -0.9937       0.0227        173.71        88.70         4.2911        1.7634         10695         3882         0.0317        0.4890        1.2910        0.6912        Set4
61442.6328    9531.0867     919.6266      -0.2744       -0.9218       0.2740        196.58        74.10         5.5821        0.8599         1236          3885         0.0084        0.3727        0.5470        0.2448        Set4
61442.7337    9529.9455     916.6541      -0.1870       -0.9823       0.0089        190.78        89.49         4.7044        0.5435         2531          3888         0.0084        0.3194        0.4333        0.1728        Set4
61443.0454    9530.6616     919.0434      0.1580        -0.9429       0.2933        170.49        72.95         4.6532        0.5910         7337          3905         0.0192        0.5091        0.9480        0.6048        Set4
61442.9717    9530.0513     916.3964      -0.4220       0.8597        0.2878        333.86        73.27         3.8621        0.2380         1208          3915         0.0097        0.2547        0.3601        0.1584        Set4
61443.4925    9529.9377     915.8164      -0.3172       0.8998        0.2996        340.58        72.57         5.2750        0.1592         3809          3971         0.0070        0.5558        0.4171        0.2736        Set4
61443.6400    9530.3980     916.4388      0.0603        0.9980        0.0179        3.45          88.97         4.7065        1.0507         2601          3989         0.0160        0.8227        0.3746        0.3456        Set4
61443.5471    9530.6152     917.7348      -0.0567       0.9554        0.2900        356.61        73.14         4.9459        0.4446         3150          4010         0.0108        0.4035        0.6546        0.3024        Set4
61444.0265    9530.5894     918.3137      -0.2533       0.9179        0.3055        344.57        72.21         4.9282        0.1789         19690         4044         0.0206        1.2379        0.9420        1.1664        Set4
61443.8092    9529.8256     916.7802      -0.0406       0.9709        0.2360        357.61        76.35         4.4317        0.1866         4524          4057         0.0121        0.4805        0.5182        0.2880        Set4
61443.9242    9529.5927     914.9174      -0.2060       0.9711        0.1205        348.03        83.08         3.9765        0.1604         1914          4082         0.0094        0.3080        0.3625        0.1728        Set4
61444.0120    9529.8456     917.3792      0.4897        -0.8387       0.2383        149.72        76.21         4.5665        0.0486         1974          4099         0.0083        0.4668        0.4299        0.2304        Set4
61444.0895    9530.0441     916.1664      0.0746        -0.8797       0.4696        175.15        61.99         3.6396        0.1572         1494          4102         0.0098        0.3634        0.2127        0.1584        Set4
61444.2252    9529.7823     914.8445      0.2020        -0.7647       0.6119        165.20        52.27         5.0950        0.6455         519           4128         0.0078        0.2651        0.3729        0.1584        Set4
61444.2131    9529.8418     916.6271      -0.2485       0.8994        0.3597        344.56        68.92         4.3884        0.3885         3806          4130         0.0142        0.5306        0.5902        0.3888        Set4
61444.3578    9529.4428     914.5111      0.1234        -0.8805       0.4577        172.02        62.76         4.7950        0.4708         1496          4147         0.0107        0.4932        0.3082        0.1728        Set4
61444.4852    9530.1066     916.2420      -0.0059       -0.9999       0.0090        180.34        89.49         3.5697        0.1122         1083          4222         0.0101        0.2806        0.4336        0.1728        Set4
61444.7392    9529.2672     914.3754      0.0305        -0.9021       0.4304        178.06        64.51         4.3053        0.0911         2406          4255         0.0075        0.2868        0.3646        0.1728        Set4
61445.3840    9529.9430     914.9810      -0.0562       0.8663        0.4963        356.29        60.24         5.4514        0.4615         16698         4287         0.0212        1.8896        0.8308        1.2384        Set4
61444.8522    9530.2486     916.5851      -0.4010       0.8459        0.3516        334.64        69.41         4.6034        0.3278         1898          4296         0.0087        0.3706        0.4598        0.2592        Set4
61444.8605    9530.5306     918.2296      0.2558        -0.9417       0.2186        164.80        77.37         3.5188        0.3476         669           4300         0.0135        0.4069        0.2905        0.1584        Set4
61445.2524    9530.4149     916.1631      -0.4096       0.8469        0.3391        334.19        70.18         5.6714        0.4720         2034          4379         0.0067        0.5587        0.2701        0.2016        Set4
61445.4202    9530.5043     916.9287      -0.3318       0.7365        0.5895        335.75        53.88         5.5517        0.3257         13312         4401         0.0167        0.9422        1.1142        1.1808        Set4
61445.3139    9531.0425     918.6990      0.3936        -0.8855       0.2470        156.03        75.70         3.1750        0.5212         693           4412         0.0161        0.4192        0.2303        0.1584        Set4
61445.6238    9530.6892     918.1722      -0.1978       0.6857        0.7005        343.91        45.54         4.0673        0.0894         1706          4485         0.0094        0.4658        0.3282        0.2160        Set4
61446.0332    9530.4690     915.3372      -0.3294       0.9245        0.1917        340.39        78.95         6.5678        0.2190         7163          4502         0.0066        0.9848        0.5079        0.5904        Set4
61450.1263    9532.6140     916.9603      -0.2613       0.8231        0.5042        342.39        59.72         6.1447        1.2316         322730        4550         0.0979        11.2397       2.5396        22.2912       Set4
61446.1202    9531.1027     916.9258      -0.4808       0.7191        0.5017        326.23        59.89         5.1955        0.3650         903           4572         0.0069        0.5072        0.2424        0.2160        Set4
61447.3378    9530.9963     915.7257      -0.2493       0.8764        0.4121        344.12        65.66         5.0399        1.7661         18992         4621         0.0409        2.7617        0.6016        1.9872        Set4
61446.5368    9530.3721     915.0143      0.1682        -0.9815       0.0913        170.27        84.76         3.3108        0.4925         2115          4633         0.0184        0.4638        0.3629        0.2304        Set4
61447.1343    9529.7944     914.3220      0.0538        -0.9201       0.3880        176.65        67.17         4.8230        0.8062         3855          4675         0.0199        0.9116        0.6187        0.4752        Set4
61446.9067    9530.3558     915.1960      -0.0631       0.9736        0.2193        356.29        77.33         3.6364        1.0442         1140          4679         0.0167        0.5369        0.2931        0.2016        Set4
61447.2919    9530.0314     914.7983      -0.2136       0.8645        0.4549        346.12        62.94         3.5548        0.5042         3104          4724         0.0181        0.5043        0.4160        0.2736        Set4
61448.0181    9529.5791     914.1036      -0.3098       0.8829        0.3527        340.66        69.35         5.6735        1.1513         7288          4763         0.0161        1.4118        0.5520        0.7344        Set4
61448.0697    9529.9134     914.6534      -0.2571       0.9664        0.0003        345.10        89.99         5.1842        1.7138         5625          4796         0.0191        1.1593        0.3229        0.4032        Set4
61448.6778    9529.4902     913.9398      0.2191        -0.9515       0.2159        167.03        77.53         5.8787        1.0902         3456          4861         0.0114        0.9556        0.4055        0.3600        Set4
61449.6176    9531.8664     915.3992      -0.4693       0.8490        0.2429        331.07        75.94         6.6699        0.8727         12908         4927         0.0150        1.9695        0.5295        1.1952        Set4
61449.4247    9529.5212     913.8790      -0.2670       0.9065        0.3270        343.59        70.91         5.5727        1.4389         1417          4952         0.0095        0.7139        0.2413        0.1728        Set4
61450.0991    9529.9371     914.0888      0.3881        -0.8969       0.2121        156.60        77.76         4.6450        1.0754         3788          5006         0.0270        1.3767        0.4823        0.6912        Set4
61450.6091    9530.1306     913.8271      0.1630        -0.9394       0.3017        170.15        72.44         4.6498        0.5703         913           5061         0.0101        0.5707        0.2861        0.2016        Set4
61450.7254    9532.0889     915.1991      -0.3435       0.8851        0.3141        338.79        71.70         4.1413        0.6247         752           5076         0.0142        0.4011        0.4493        0.2160        Set4
61451.2827    9530.4609     913.8719      -0.4808       0.8203        0.3099        329.63        71.95         5.4923        0.3665         2553          5106         0.0105        0.7921        0.4732        0.4032        Set4
61452.1042    9532.0148     914.9432      -0.3393       0.8579        0.3858        338.42        67.31         5.3050        0.6898         1185          5150         0.0080        0.8123        0.2692        0.2736        Set4
61452.7819    9532.0785     914.5599      0.3046        -0.9361       0.1760        161.97        79.86         4.4889        1.7017         1413          5226         0.0208        0.8619        0.4543        0.3888        Set4
61452.8691    9531.8037     913.9634      -0.2693       0.9180        0.2910        343.65        73.08         3.5040        0.0889         2438          5258         0.0128        0.4286        0.4146        0.2304        Set4
61453.3932    9533.3076     915.3847      -0.4979       0.7664        0.4059        326.99        66.05         6.0372        0.7137         2826          5301         0.0102        1.1655        0.3188        0.4320        Set4
61453.9712    9532.4683     914.4668      -0.2892       0.9069        0.3064        342.31        72.15         4.4915        1.6697         5469          5322         0.0269        1.5182        0.5871        0.7632        Set4
61454.4684    9532.3375     913.7997      -0.2474       0.9546        0.1660        345.47        80.44         5.1764        2.4015         10329         5331         0.0332        2.4113        0.6876        1.4688        Set4
61453.3390    9533.9749     916.0045      -0.4422       0.8825        0.1602        333.39        80.78         4.7116        0.3066         348           5337         0.0070        0.2555        0.3906        0.1584        Set4
61454.1453    9531.9897     913.5632      0.5145        -0.8209       0.2478        147.92        75.66         3.6090        0.3401         887           5424         0.0125        0.3468        0.3737        0.1584        Set4
61454.6880    9533.5138     915.3763      -0.4621       0.8166        0.3459        330.49        69.76         6.7683        0.1424         10567         5472         0.0070        0.9420        0.6773        0.6768        Set4
61455.7537    9533.3023     914.3351      -0.3751       0.7170        0.5875        332.39        54.02         5.5748        0.2401         1306          5588         0.0071        0.4466        0.4511        0.2736        Set4
61457.0881    9536.0643     916.3278      -0.3205       0.9090        0.2665        340.58        74.55         7.5380        0.2921         43337         5607         0.0100        2.5956        1.3715        2.8656        Set4
61456.2793    9533.7983     913.8410      -0.4974       0.7592        0.4197        326.77        65.18         6.8640        0.3620         3896          5619         0.0071        1.2541        0.4257        0.6336        Set4
61456.5232    9534.9981     915.4140      0.3001        -0.9538       0.0144        162.53        89.18         4.8834        0.2856         13033         5650         0.0231        1.2791        0.8511        1.1520        Set4
61457.2734    9534.5002     913.6376      -0.3302       0.9217        0.2036        340.29        78.25         6.4526        0.3712         11271         5707         0.0098        1.2518        0.8620        1.0080        Set4
61458.0565    9535.6586     914.6550      -0.2564       0.8771        0.4062        343.71        66.03         5.7771        0.8183         9520          5753         0.0143        1.7675        0.6234        1.0080        Set4
61458.1729    9534.8109     913.3174      -0.2313       0.9572        0.1743        346.42        79.96         3.4755        0.3395         6100          5786         0.0366        0.8063        0.9656        0.7488        Set4
61458.5871    9537.8215     916.4491      -0.4650       0.8718        0.1543        331.93        81.12         4.4077        0.6440         30267         5797         0.0520        2.0538        1.2800        2.4624        Set4
61458.7190    9535.8213     913.9786      -0.2943       0.9297        0.2215        342.44        77.20         6.0411        1.1907         7117          5818         0.0130        1.4034        0.5931        0.7344        Set4
61458.2679    9537.4258     915.7479      -0.2525       0.7884        0.5609        342.24        55.88         5.7593        0.9215         1798          5821         0.0070        0.6952        0.1745        0.1728        Set4
61459.9603    9535.9287     912.7993      -0.4960       0.8037        0.3287        328.32        70.81         7.3753        0.5494         56269         5866         0.0119        3.0619        1.0383        2.7792        Set4
61458.6670    9536.1678     914.7041      -0.3107       0.8483        0.4288        339.88        64.61         4.4870        0.1957         2015          5882         0.0070        0.3826        0.2801        0.1728        Set4
61459.2379    9537.1391     914.8082      -0.2552       0.9447        0.2062        344.88        78.10         5.7444        0.7054         7391          5942         0.0131        1.1598        0.5085        0.5904        Set4
61459.9340    9536.4924     913.8181      -0.4605       0.8873        0.0247        332.57        88.59         4.4514        1.2634         26807         5953         0.0450        2.1433        0.8015        1.4976        Set4
61459.5297    9537.7942     915.4150      -0.3682       0.9297        0.0060        338.40        89.66         4.4415        1.6652         2776          5991         0.0205        1.0769        0.3681        0.4608        Set4
61459.3066    9538.2496     916.9251      0.3450        -0.7976       0.4948        156.61        60.34         4.6659        1.3351         465           5995         0.0122        0.4796        0.3320        0.1728        Set4
61459.8301    9538.2386     916.3127      -0.2544       0.9002        0.3533        344.22        69.31         5.2334        0.0233         7874          6061         0.0097        0.7739        0.8126        0.6912        Set4
61459.8798    9536.1820     913.3687      -0.1788       0.9605        0.2133        349.45        77.69         4.3495        0.8298         3110          6065         0.0138        0.6500        0.2625        0.2304        Set4
61460.0531    9537.4334     914.6224      0.1852        -0.9257       0.3298        168.69        70.75         3.5452        0.5703         1103          6104         0.0163        0.4461        0.2672        0.1584        Set4
61460.1733    9538.1992     915.5003      -0.2660       0.9635        0.0309        344.57        88.23         3.5819        0.4788         1845          6117         0.0191        0.5675        0.3614        0.2592        Set4
61460.6388    9537.6361     914.6389      -0.3264       0.8858        0.3299        339.77        70.74         6.3126        0.2503         9062          6155         0.0077        0.8443        0.4785        0.5040        Set4
61460.8268    9538.5566     915.9024      -0.2283       0.8811        0.4142        345.47        65.53         5.2614        0.2634         5707          6162         0.0117        0.9480        0.6368        0.6336        Set4
61464.0109    9540.0175     913.4103      -0.4227       0.7681        0.4811        331.18        61.24         6.9228        0.6291         197840        6208         0.0349        6.4925        2.2229        9.3456        Set4
61461.4188    9538.5919     915.1996      -0.3271       0.9003        0.2873        340.03        73.31         4.9623        2.3499         4361          6239         0.0203        1.1936        0.3140        0.5040        Set4
61461.3232    9536.9688     912.4808      0.2757        -0.9417       0.1930        163.68        78.87         3.6401        1.0334         4707          6245         0.0313        0.7810        0.5522        0.4464        Set4
61461.7319    9538.3387     914.5972      -0.2201       0.6361        0.7395        340.92        42.31         4.5571        0.5077         1172          6349         0.0113        0.3382        0.3018        0.1728        Set4
61461.9209    9538.5143     914.5154      -0.2689       0.6752        0.6869        338.29        46.62         4.7829        0.4209         795           6402         0.0090        0.2556        0.3277        0.1584        Set4
61461.9857    9539.0204     915.3448      0.3414        -0.7987       0.4955        156.86        60.30         5.1651        0.7278         962           6408         0.0074        0.3325        0.3240        0.1584        Set4
61462.4375    9538.6720     913.1552      -0.2179       0.8726        0.4371        345.98        64.08         5.3959        0.9155         11059         6420         0.0133        1.0231        0.8160        0.6624        Set4
61461.9760    9538.8393     915.1250      0.2693        -0.8127       0.5168        161.67        58.88         4.8697        0.3280         632           6429         0.0085        0.2999        0.3200        0.1728        Set4
61462.2837    9538.5940     914.5557      -0.0932       0.8025        0.5893        353.37        53.89         3.2293        0.1085         6773          6448         0.0213        0.6012        0.4698        0.3312        Set4
61462.5645    9539.4250     914.7868      -0.2710       0.7612        0.5892        340.40        53.90         5.1789        0.6261         3367          6568         0.0082        0.3162        0.3659        0.1584        Set4
61463.6462    9540.3422     914.8682      0.5130        -0.8584       0.0024        149.13        89.86         5.6273        1.3286         23111         6570         0.0381        2.7040        1.0504        2.2176        Set4
61462.7480    9539.8325     915.3516      -0.3349       0.9422        0.0126        340.43        89.28         4.0248        1.0737         2964          6573         0.0174        0.5376        0.4836        0.2736        Set4
61462.9294    9539.0096     912.4297      0.1454        -0.9702       0.1936        171.48        78.84         4.9988        0.5336         5743          6600         0.0110        0.5344        0.5626        0.3168        Set4
61463.4106    9540.3674     915.4318      0.3377        -0.9013       0.2715        159.46        74.25         4.1706        0.0971         4826          6662         0.0165        0.6856        0.5817        0.4896        Set4
61463.9523    9540.6348     915.1057      0.5749        -0.8047       0.1483        144.46        81.47         3.2750        0.3518         3014          6727         0.0246        0.4554        0.5885        0.2880        Set4
61464.3866    9541.0712     915.4321      0.3122        -0.8848       0.3460        160.56        69.76         4.1110        0.2124         865           6773         0.0104        0.4505        0.3476        0.2160        Set4
61464.9935    9541.5697     915.4093      0.4780        -0.8634       0.1612        151.03        80.72         4.2024        0.4550         1731          6835         0.0173        0.5819        0.6064        0.3600        Set4
61465.4737    9541.7822     914.3450      -0.1900       0.9705        0.1485        348.92        81.46         4.0462        0.6504         5387          6897         0.0155        0.5392        0.5720        0.3024        Set4
61465.9394    9542.4607     913.7613      -0.1840       0.9144        0.3607        348.62        68.86         5.1157        0.5974         23476         6924         0.0273        0.9178        1.5285        1.3392        Set4
61466.2682    9542.9672     914.9041      0.1144        -0.8882       0.4449        172.66        63.58         4.9042        0.4899         3431          6980         0.0140        0.7416        0.3718        0.4320        Set4
61466.6314    9543.2319     913.8342      -0.3123       0.7799        0.5425        338.18        57.15         5.1799        0.6015         39052         6996         0.0330        1.3738        1.6438        2.2176        Set4
61466.3313    9542.7415     913.0959      -0.2359       0.9366        0.2592        345.86        74.98         5.2896        0.6256         2611          6997         0.0077        0.3128        0.5930        0.2304        Set4
61466.9093    9541.7844     911.9095      -0.5015       0.8200        0.2759        328.55        73.98         5.3182        2.1743         5377          7026         0.0188        1.3391        0.4754        0.5904        Set4
61467.1628    9544.7050     914.2136      -0.2852       0.8166        0.5018        340.75        59.88         5.7099        1.4462         1298          7064         0.0123        0.3469        0.8436        0.3744        Set4
61467.5813    9544.3225     914.6347      -0.3242       0.8281        0.4574        338.62        62.78         6.2341        0.4018         1471          7087         0.0063        0.6035        0.4293        0.2736        Set4
61467.4459    9544.6593     913.9534      0.3045        0.7416        0.5977        22.33         53.29         6.4756        0.5352         980           7089         0.0076        0.3280        0.7537        0.4896        Set4
61467.8277    9544.7374     914.1363      -0.2919       0.8352        0.4661        340.74        62.22         5.4110        0.5885         3752          7100         0.0151        0.9873        1.0303        0.7632        Set4
61467.7316    9545.0180     913.1143      0.0567        -0.9110       0.4085        176.44        65.89         4.4950        1.3994         420           7101         0.0117        0.5691        0.1777        0.1728        Set4
61467.9577    9544.6560     912.6647      0.5815        -0.7676       0.2696        142.86        74.36         4.7817        0.4860         1392          7117         0.0139        0.7764        0.5026        0.3456        Set4
61468.4625    9544.7199     912.0923      -0.2740       0.9348        0.2262        343.67        76.93         7.1343        1.2996         5398          7127         0.0112        1.5720        0.7263        0.7920        Set4
61468.4437    9544.6920     914.0736      -0.1430       0.9864        0.0813        351.75        85.34         3.5206        0.8341         2155          7155         0.0306        0.7154        0.7528        0.4896        Set4
61469.8611    9545.8198     912.0441      -0.2653       0.9357        0.2327        344.17        76.55         7.1033        0.7810         35048         7166         0.0151        3.2822        1.4673        2.7648        Set4
61469.0215    9545.5866     914.3466      0.3782        -0.9253       0.0281        157.77        88.39         4.3143        0.4011         644           7269         0.0104        0.3210        0.4378        0.1584        Set4
61469.1777    9545.8924     913.9309      -0.5874       0.7321        0.3450        321.26        69.82         5.3474        0.8224         1883          7283         0.0130        0.3819        0.8913        0.3888        Set4
61469.4381    9546.2517     913.7364      -0.4091       0.7958        0.4464        332.79        63.49         5.3229        0.3740         1158          7311         0.0066        0.2506        0.4505        0.2016        Set4
61469.6062    9546.3604     913.7727      -0.3659       0.8438        0.3925        336.56        66.89         6.7483        1.0062         5841          7317         0.0125        0.5657        1.3566        0.8352        Set4
61469.6820    9547.9868     914.3711      -0.3017       0.9055        0.2985        341.58        72.63         6.0993        0.3234         798           7326         0.0048        0.4856        0.3900        0.2592        Set4
61470.5191    9548.2558     914.4002      -0.3063       0.8615        0.4049        340.43        66.11         6.1452        0.1795         13120         7360         0.0106        0.9165        1.0724        1.0512        Set4
61470.4897    9546.7503     912.5243      -0.4872       0.8361        0.2521        329.77        75.40         4.1913        0.2912         2346          7390         0.0091        0.3821        0.2884        0.1584        Set4
61471.3110    9547.2435     912.1576      0.4849        -0.8591       0.1635        150.56        80.59         3.7543        0.4032         50248         7392         0.0599        1.8310        1.7465        2.2032        Set4
61471.5984    9548.7731     913.9080      -0.3155       0.8666        0.3866        340.00        67.26         6.8904        0.2244         46036         7434         0.0127        1.7555        1.3737        2.3616        Set4
61471.9168    9548.2149     912.5022      -0.3778       0.9145        0.1446        337.55        81.68         4.7146        0.6199         3504          7486         0.0117        0.6948        0.6244        0.4032        Set4
61471.9570    9548.6204     912.9532      0.2833        -0.8393       0.4641        161.35        62.35         5.9507        1.3409         1064          7501         0.0067        0.5246        0.3547        0.2160        Set4
61472.5461    9548.6421     912.0825      -0.3963       0.8922        0.2167        336.05        77.48         6.2194        0.6126         11992         7560         0.0099        0.9353        0.9784        0.7632        Set4
61472.4641    9550.0411     914.2650      -0.3197       0.8166        0.4805        338.62        61.28         5.8447        0.2997         5796          7564         0.0085        0.6211        0.5658        0.4896        Set4
61473.0044    9549.0698     912.2593      0.4363        -0.8998       0.0048        154.13        89.73         4.9029        0.8738         18086         7605         0.0201        0.9488        1.0793        0.7920        Set4
61472.7733    9550.7187     914.2974      -0.4999       0.8650        0.0431        329.98        87.53         4.5186        0.7773         4276          7613         0.0190        0.4903        0.7996        0.4752        Set4
61473.1692    9549.0599     911.6732      0.2931        -0.9516       0.0921        162.88        84.72         3.1985        1.9020         2699          7655         0.0212        0.4036        0.4226        0.1872        Set4
61473.2507    9549.6354     912.8071      0.2674        -0.8222       0.5024        161.98        59.84         4.2350        0.4574         3657          7665         0.0134        0.3935        0.4869        0.2736        Set4
61473.5662    9548.8484     911.1304      -0.4343       0.8469        0.3069        332.85        72.13         5.9190        0.6299         8973          7669         0.0079        0.8177        0.3428        0.2880        Set4
61473.4494    9549.5385     912.1905      0.1920        -0.9779       0.0826        168.89        85.26         5.1964        1.1509         8666          7700         0.0142        0.3904        0.8660        0.3312        Set4
61473.8189    9549.8805     912.1784      -0.3370       0.9180        0.2090        339.84        77.94         4.2676        0.7128         24994         7728         0.0314        0.8652        1.3531        1.0224        Set4
61473.6392    9551.4761     913.9867      0.0876        -0.9960       0.0195        174.97        88.88         4.1850        2.3276         433           7733         0.0115        0.3987        0.2388        0.1584        Set4
61473.7573    9549.7322     911.3356      -0.2891       0.9347        0.2068        342.81        78.06         4.8193        0.5658         2612          7745         0.0081        0.4274        0.3461        0.2016        Set4
61474.2861    9551.2202     913.3110      -0.0754       0.9968        0.0256        355.67        88.54         4.0679        0.6768         2825          7784         0.0150        0.6305        0.3129        0.2448        Set4
61474.2266    9550.3992     911.3873      -0.3151       0.9174        0.2433        341.05        75.92         4.9128        0.1326         3084          7785         0.0068        0.3850        0.3790        0.2160        Set4
61474.3557    9550.6505     912.3135      -0.2103       -0.9744       0.0792        192.18        85.46         5.2035        1.9805         4098          7798         0.0193        0.5522        1.2510        0.4608        Set4
61474.7391    9550.6238     911.6723      -0.2941       0.9549        0.0404        342.88        87.68         4.9850        0.8909         13650         7814         0.0279        0.6868        1.6142        1.0656        Set4
61474.8737    9552.4553     913.6278      -0.3686       0.9049        0.2130        337.84        77.70         5.9851        0.8683         1947          7835         0.0064        0.6161        0.2365        0.2448        Set4
61475.1017    9551.0206     912.6305      0.4000        -0.9034       0.1546        156.12        81.11         3.5574        0.4750         6449          7853         0.0261        0.6941        0.6327        0.4752        Set4
61475.5033    9551.3938     911.4608      -0.4512       0.8915        0.0417        333.15        87.61         6.3234        0.6883         15400         7906         0.0110        0.4420        1.4395        0.6912        Set4
61475.6399    9553.4987     913.5204      -0.3378       0.8931        0.2970        339.28        72.72         5.5777        0.9405         4866          7920         0.0098        0.8815        0.3275        0.4320        Set4
61475.7751    9551.6787     911.9266      -0.5080       0.8061        0.3036        327.78        72.32         5.7286        0.3036         8147          7939         0.0073        0.4239        0.5829        0.3168        Set4
61475.7824    9553.8111     913.8598      0.5694        -0.8133       0.1199        145.00        83.11         4.3171        0.2080         1858          7944         0.0097        0.3593        0.3117        0.1728        Set4
61476.1675    9552.2067     911.5501      -0.5014       0.7786        0.3774        327.22        67.83         6.7961        0.3872         8860          7969         0.0065        0.5025        0.9240        0.5472        Set4
61476.3383    9553.8310     912.3250      0.2353        -0.8418       0.4859        164.38        60.93         4.6756        0.4291         3232          7989         0.0143        0.6168        0.6336        0.4464        Set4
61476.5623    9554.3185     913.1349      0.4608        -0.8869       0.0324        152.54        88.14         4.2607        0.3482         1354          8004         0.0110        0.6238        0.5055        0.3456        Set4
61476.7567    9554.3111     912.1775      0.4408        -0.8467       0.2980        152.50        72.66         5.6428        0.5436         2419          8046         0.0078        0.3952        0.6180        0.2880        Set4
61477.5460    9553.7454     910.8601      0.3066        -0.9507       0.0465        162.13        87.33         5.1840        0.5577         6380          8103         0.0140        0.9380        0.7596        0.6048        Set4
61477.3488    9554.7384     911.8805      -0.5030       0.8632        0.0446        329.77        87.44         3.0361        0.2914         1154          8109         0.0168        0.2942        0.4120        0.1728        Set4
61477.8525    9554.6696     911.3809      0.3678        -0.6429       0.6718        150.23        47.79         4.6042        3.0124         1077          8122         0.0166        0.7283        0.1838        0.1872        Set4
61477.8652    9555.2114     911.7823      -0.5426       0.7758        0.3220        325.03        71.22         4.8330        0.1594         986           8138         0.0073        0.4667        0.3053        0.1728        Set4
61478.4730    9554.6061     910.8614      -0.4811       0.7947        0.3702        328.81        68.27         7.5393        0.6692         6663          8144         0.0071        1.5652        0.5583        0.8352        Set4
61479.2972    9555.4902     911.0141      -0.4164       0.7373        0.5320        330.55        57.86         6.8804        0.6445         6271          8206         0.0075        1.5702        0.7104        0.9648        Set4
61478.8023    9556.7602     912.6222      -0.3433       0.9244        0.1665        339.63        80.41         3.5659        0.5635         1026          8231         0.0128        0.2504        0.3990        0.1728        Set4
61478.9948    9557.2949     912.5992      -0.3573       0.8338        0.4209        336.81        65.11         4.7240        1.0450         858           8236         0.0145        0.3084        0.6703        0.2880        Set4
61479.3718    9557.5271     912.8952      -0.4832       0.8177        0.3128        329.42        71.77         4.6956        1.6254         1736          8249         0.0240        0.8696        0.8711        0.5616        Set4
61479.5237    9557.9572     912.2876      -0.2492       0.8910        0.3795        344.37        67.70         3.5711        0.2711         1328          8270         0.0194        0.5147        0.5469        0.3024        Set4
61479.9414    9556.9691     911.0671      -0.5330       0.8136        0.2324        326.77        76.56         6.6205        0.0985         3091          8286         0.0055        0.8646        0.8900        0.8208        Set4
61480.1070    9557.9138     912.0955      0.3080        0.8402        0.4463        20.13         63.49         5.0933        0.4931         593           8326         0.0079        0.3979        0.3956        0.1584        Set4
61480.0816    9557.7270     912.4572      0.1752        0.9186        0.3543        10.80         69.25         3.5115        0.8126         785           8330         0.0191        0.3048        0.5091        0.2160        Set4
61480.4754    9557.4519     911.1948      -0.5284       0.8458        0.0734        328.00        85.79         3.3396        0.4104         6679          8357         0.0367        0.6602        0.9705        0.6048        Set4
61480.6171    9558.5861     912.5468      -0.3074       0.7625        0.5693        338.04        55.30         4.8136        0.3219         1077          8386         0.0062        0.2467        0.3615        0.1584        Set4
61481.0345    9558.9251     912.1885      -0.3197       0.8596        0.3985        339.60        66.52         4.4118        0.3891         1361          8419         0.0084        0.3731        0.2449        0.1728        Set4
61481.3374    9558.6295     911.2346      -0.5595       0.7983        0.2228        324.98        77.13         6.6424        0.1192         3434          8431         0.0050        0.6519        0.8673        0.6048        Set4
61481.1126    9559.0861     912.5208      -0.5001       0.8189        0.2816        328.59        73.64         4.3108        0.2895         1609          8436         0.0093        0.3433        0.3664        0.1728        Set4
61482.6503    9560.0003     911.4624      -0.5282       0.8086        0.2589        326.85        74.99         5.8198        0.3041         30890         8496         0.0176        2.3126        1.3940        2.3472        Set4
61481.8839    9559.1568     910.7895      0.5076        -0.8611       0.0302        149.48        88.27         5.1546        0.3142         1727          8511         0.0086        0.4284        0.6813        0.2880        Set4
61482.8264    9560.9144     912.7463      -0.4225       0.8692        0.2571        334.08        75.10         4.7864        0.4014         1187          8646         0.0059        0.2592        0.3700        0.1584        Set4
61483.1010    9561.3873     912.8837      -0.1580       0.9306        0.3303        350.36        70.72         4.7359        0.3062         1697          8662         0.0072        0.3703        0.3687        0.1728        Set4
61483.8617    9561.0449     910.8493      -0.5516       0.8146        0.1794        325.89        79.66         4.7538        0.1624         20037         8699         0.0227        1.3281        1.1251        1.4112        Set4
61483.8884    9561.6007     911.9593      0.0961        0.8279        0.5525        6.62          56.46         5.6136        0.7465         2304          8730         0.0102        0.8508        0.5750        0.4176        Set4
61484.4027    9563.0094     913.3674      0.1850        -0.9504       0.2501        168.98        75.52         3.9243        1.1017         2173          8781         0.0325        0.7940        0.9398        0.5760        Set4
61484.5144    9562.4089     912.4762      0.0479        0.9989        0.0015        2.74          89.91         3.9830        0.4085         717           8828         0.0108        0.3663        0.2900        0.1728        Set4
61484.4294    9562.1505     911.9013      -0.1018       0.7385        0.6666        352.15        48.20         4.8706        0.5660         832           8841         0.0091        0.3491        0.3568        0.1872        Set4
61485.9699    9562.4249     910.3439      -0.4919       0.8176        0.2993        328.97        72.58         6.7714        0.3530         41139         8883         0.0127        2.6660        1.2816        2.9952        Set4
61484.9187    9562.2615     911.3457      0.3729        -0.9181       0.1347        157.90        82.26         4.4319        1.0683         1017          8904         0.0104        0.4164        0.3785        0.1872        Set4
61485.3872    9562.9142     911.8810      -0.5622       0.7885        0.2493        324.51        75.57         6.5292        0.4746         3749          8935         0.0082        1.1114        0.4890        0.6336        Set4
61486.1750    9563.5198     911.7751      -0.5096       0.8060        0.3010        327.69        72.48         6.4444        0.1983         6490          9077         0.0065        0.7783        0.5127        0.4896        Set4
61485.9269    9563.8317     912.9199      -0.5137       0.7283        0.4536        324.80        63.02         4.6937        0.9925         774           9078         0.0083        0.2364        0.3611        0.1584        Set4
61487.3921    9564.3037     911.7609      0.4589        -0.8869       0.0528        152.64        86.97         4.1269        0.3219         19861         9195         0.0282        1.3459        0.7973        1.0080        Set4
61487.0995    9563.1013     910.5831      -0.5366       0.7897        0.2972        325.80        72.71         5.7819        0.3227         2073          9213         0.0056        0.3053        0.5370        0.1872        Set4
61487.7611    9563.6691     910.3441      -0.5150       0.7984        0.3121        327.18        71.82         6.0507        0.0929         80394         9227         0.0132        1.9184        1.7623        2.8656        Set4
61488.8747    9564.0165     911.4653      0.3216        -0.8357       0.4452        158.95        63.56         3.9218        0.7435         980           9442         0.0083        0.4006        0.1870        0.1584        Set4
61488.8866    9564.7317     909.9604      -0.5455       0.7252        0.4201        323.05        65.16         6.1955        0.4649         1978          9460         0.0071        0.4411        0.7314        0.3744        Set4
61489.2504    9564.7421     911.8234      0.2119        -0.8231       0.5269        165.56        58.20         4.9219        0.9057         3359          9485         0.0183        0.8257        0.5884        0.5040        Set4
61489.3397    9565.1657     909.8886      -0.5647       0.7291        0.3867        322.24        67.25         4.4784        0.2263         2099          9517         0.0122        0.5108        0.4380        0.3168        Set4
61490.1765    9565.3465     910.9636      -0.4683       0.6853        0.5577        325.65        56.10         5.3021        0.7711         1059          9613         0.0057        0.2414        0.3257        0.1584        Set4
61490.9292    9566.7649     911.6190      0.4448        -0.8937       0.0582        153.54        86.66         4.4142        0.3608         6606          9662         0.0138        0.5219        0.5309        0.3168        Set4
61491.6137    9567.3304     911.6294      -0.5248       0.7804        0.3399        326.08        70.13         5.3255        0.2435         2518          9736         0.0083        0.6445        0.4288        0.3312        Set4
61491.7565    9567.1361     909.5105      0.2877        -0.8995       0.3288        162.26        70.80         4.0697        0.3107         1520          9756         0.0112        0.4042        0.3141        0.1728        Set4
61492.0523    9567.2461     909.5024      0.1349        -0.9562       0.2596        171.97        74.95         3.7239        0.2205         1845          9775         0.0118        0.4031        0.3041        0.1584        Set4
61493.1061    9568.3686     911.2506      -0.4942       0.8440        0.2085        329.65        77.97         4.6874        0.6370         25940         9777         0.0482        2.6855        1.5788        2.8656        Set4
61492.7435    9568.3268     910.1476      0.1589        0.8457        0.5095        10.64         59.37         3.7826        0.1822         2718          9829         0.0214        0.5230        0.5799        0.4608        Set4
61495.1994    9570.9151     912.1792      0.0310        -0.9840       0.1757        178.20        79.88         4.7908        1.2329         1435          10018        0.0142        0.8280        0.2717        0.2880        Set4
61495.7889    9571.0482     910.8101      0.2185        0.9749        0.0433        12.63         87.52         5.0274        0.3110         53766         10036        0.0382        1.6974        2.5097        3.6864        Set4
61496.1325    9570.6266     909.2499      -0.1360       -0.9798       0.1463        187.90        81.59         5.2569        0.3434         1167          10102        0.0062        0.2749        0.4590        0.1584        Set4
61497.1446    9570.8199     909.1386      -0.2654       -0.9618       0.0668        195.43        86.17         6.7717        0.5953         7463          10133        0.0094        1.6952        0.5679        1.1088        Set4
61496.9618    9571.7884     909.9722      0.1414        0.9899        0.0075        8.13          89.57         4.7697        0.2930         1020          10174        0.0074        0.2743        0.3846        0.1728        Set4
61497.7959    9571.5357     909.6666      -0.4878       0.8727        0.0193        330.80        88.89         4.5790        0.1933         938           10238        0.0093        0.5392        0.3332        0.2160        Set4
61498.2811    9572.6286     910.6381      -0.2072       -0.9757       0.0710        191.99        85.93         5.0359        0.6496         549           10303        0.0089        0.3004        0.5942        0.2448        Set4
61498.9857    9572.4669     910.1344      0.1235        0.9920        0.0256        7.09          88.53         4.7884        0.0856         13148         10309        0.0263        1.3839        1.4618        1.9296        Set4
61499.8288    9574.1710     911.8443      0.3449        -0.9346       0.0868        159.75        85.02         4.2875        0.4052         1089          10425        0.0221        0.9729        0.7350        0.6048        Set4
61499.8562    9572.2264     908.6256      -0.1243       -0.9920       0.0207        187.14        88.81         5.2843        0.4197         976           10427        0.0084        0.6162        0.3323        0.2592        Set4
61499.8861    9572.8073     910.4677      0.3227        -0.9134       0.2481        160.54        75.63         4.2263        0.2742         797           10433        0.0173        0.6020        0.5602        0.3024        Set4
61500.6944    9572.8766     908.5360      0.4052        -0.7668       0.4978        152.15        60.14         4.5202        0.4439         831           10546        0.0149        0.6293        0.4594        0.4032        Set4
61500.6213    9573.3802     910.6003      0.5664        -0.8241       0.0054        145.50        89.69         5.2258        0.6554         376           10552        0.0101        0.5687        0.2713        0.2160        Set4
61501.4170    9574.3647     909.4559      -0.4228       0.8062        0.4140        332.33        65.55         5.6048        0.2506         2607          10618        0.0140        1.1662        0.6887        0.8496        Set4
61501.4036    9573.8037     908.6932      -0.5500       0.8177        0.1699        326.08        80.22         6.5262        0.3145         506           10645        0.0049        0.6560        0.3857        0.3168        Set4
61501.9004    9574.1922     908.5923      -0.5430       0.8107        0.2191        326.18        77.35         6.5501        0.2468         513           10688        0.0041        0.5657        0.3543        0.2016        Set4
61502.1130    9574.7578     910.4242      -0.5024       0.8526        0.1437        329.49        81.74         4.0816        0.1749         1271          10698        0.0173        0.7993        0.6990        0.5184        Set4
61502.4398    9575.0700     909.9245      -0.5803       0.7904        0.1961        323.71        78.69         6.0085        0.3512         1585          10735        0.0119        0.6942        1.1054        0.7344        Set4
61503.4834    9575.6535     910.2044      -0.5155       0.8238        0.2358        327.96        76.36         6.8257        0.1295         7628          10794        0.0113        1.8084        1.2401        2.2752        Set4
61503.2559    9575.7543     909.3141      -0.5215       0.7624        0.3831        325.63        67.47         6.4911        0.1464         995           10840        0.0053        0.4914        0.6332        0.3456        Set4
61503.6747    9576.1101     909.2248      -0.5304       0.7652        0.3648        325.27        68.61         6.5721        0.1837         869           10899        0.0053        0.4594        0.7491        0.3744        Set4
61504.7917    9577.1955     909.2814      -0.4857       0.7895        0.3752        328.40        67.96         5.8530        0.0916         1656          11003        0.0072        0.7040        0.6366        0.4752        Set4
61504.9172    9576.7499     910.2710      -0.5614       0.7870        0.2559        324.50        75.17         6.2014        0.2903         1018          11005        0.0069        0.6106        0.6614        0.4608        Set4
61505.4760    9577.6877     909.5144      -0.5035       0.8616        0.0638        329.70        86.34         5.1122        0.5203         726           11068        0.0123        0.7295        0.4293        0.3888        Set4
61505.4413    9577.3692     910.3999      -0.5328       0.8233        0.1955        327.09        78.73         6.1807        0.2178         619           11079        0.0047        0.3663        0.5526        0.2016        Set4
61505.4983    9577.6012     909.2907      -0.5939       0.7617        0.2590        322.06        74.99         4.6125        0.5293         135           11081        0.0080        0.3742        0.2438        0.1584        Set4
61505.4913    9577.8030     908.7213      0.5561        -0.8280       0.0726        146.12        85.84         4.3493        0.4783         397           11088        0.0134        0.4804        0.4738        0.2304        Set4
61505.7836    9577.6759     910.1013      -0.4727       0.8599        0.1927        331.20        78.89         6.6552        0.2337         2981          11105        0.0062        0.6085        0.8946        0.6048        Set4
61505.7044    9577.8727     910.4659      0.3255        0.9164        0.2329        19.55         76.53         7.6384        0.4287         181           11109        0.0033        0.4785        0.5243        0.3024        Set4
61505.9176    9577.9888     909.3039      -0.5724       0.8087        0.1353        324.71        82.23         6.4398        0.3954         1512          11117        0.0074        0.7677        0.6805        0.4896        Set4
61506.0962    9578.3259     908.6910      -0.5537       0.7902        0.2626        324.98        74.77         5.6054        0.0916         1821          11134        0.0079        0.7573        0.7868        0.5904        Set4
61506.6237    9578.5382     908.1695      -0.4575       0.8583        0.2322        331.94        76.57         6.7648        0.8328         2258          11147        0.0097        1.5016        0.5296        0.7776        Set4
61506.3578    9578.1136     910.0149      -0.5191       0.8395        0.1605        328.27        80.76         6.1225        0.0703         4042          11162        0.0070        0.7615        0.7039        0.6048        Set4
61506.6125    9578.4872     909.4580      -0.4702       0.8291        0.3025        330.44        72.39         5.6842        0.1200         1907          11211        0.0067        0.5881        0.5713        0.4032        Set4
61507.6562    9579.3085     908.9377      -0.4816       0.8593        0.1721        330.73        80.09         6.4845        1.1373         15664         11226        0.0196        2.5729        0.8648        1.8144        Set4
61507.7740    9579.0910     908.2326      -0.4972       0.8440        0.2010        329.50        78.41         6.2381        0.0355         13836         11326        0.0076        1.1766        0.8748        1.1232        Set4
61507.6658    9580.6175     909.8875      -0.5300       0.8264        0.1900        327.32        79.05         5.2682        0.3695         2819          11374        0.0115        0.7415        0.6274        0.4896        Set4
61507.7292    9580.3263     910.7773      -0.6633       0.6817        0.3089        315.78        72.01         5.1760        1.9144         874           11392        0.0100        0.1699        0.6622        0.1584        Set4
61508.8082    9579.7990     908.1917      -0.5414       0.8209        0.1818        326.59        79.53         6.0540        0.1464         23429         11428        0.0114        1.4864        1.1913        1.6848        Set4
61508.5301    9581.1545     910.3737      -0.4474       0.8388        0.3104        331.93        71.92         5.5190        1.4408         465           11462        0.0113        0.2320        0.8104        0.2880        Set4
61508.5940    9581.4216     909.9287      -0.4922       0.7858        0.3746        327.94        68.00         5.5274        0.3394         1041          11471        0.0058        0.2826        0.4353        0.1728        Set4
61512.0581    9583.8736     909.3772      -0.4868       0.7948        0.3625        328.51        68.75         7.7456        0.5914         233903        11491        0.0270        6.8587        3.2151        11.0592       Set4
61509.4994    9580.1935     908.5511      -0.4677       0.8497        0.2435        331.17        75.91         5.5811        0.1321         6928          11539        0.0101        0.8111        0.7634        0.6336        Set4
61510.9385    9581.4433     908.0979      -0.4353       0.8095        0.3940        331.73        66.79         5.3791        0.3782         39030         11614        0.0277        1.7823        1.3419        2.0880        Set4
61511.6242    9582.8686     908.2485      -0.5102       0.8503        0.1288        329.03        82.60         4.6640        0.0519         7483          11714        0.0106        0.5324        0.5491        0.3600        Set4
61512.0801    9583.2790     908.1801      -0.5355       0.8321        0.1445        327.23        81.69         5.5898        0.3300         8786          11763        0.0097        0.6490        0.8313        0.5472        Set4
61512.6914    9584.4778     908.3678      -0.2972       0.8008        0.5200        339.64        58.67         6.7084        0.2098         19550         11766        0.0103        1.5655        1.0047        1.5264        Set4
61513.6691    9586.7548     909.8408      0.1173        0.9922        0.0417        6.74          87.61         4.3112        0.4243         4089          11851        0.0183        0.6595        0.5318        0.4320        Set4
61513.7322    9586.6738     909.4884      0.1664        0.9644        0.2054        9.79          78.15         5.0490        0.6267         2164          11866        0.0084        0.4073        0.4280        0.2016        Set4
61513.7478    9587.8995     909.4707      -0.6035       0.7036        0.3751        319.38        67.97         5.9629        0.8060         869           11875        0.0068        0.2050        0.6005        0.1584        Set4
61513.8461    9588.2284     909.0082      -0.5479       0.7523        0.3658        323.94        68.54         5.8170        0.3015         1261          11878        0.0060        0.4497        0.4264        0.2160        Set4
61514.3086    9588.3791     909.3964      -0.5318       0.7592        0.3752        324.99        67.96         6.4152        0.3016         1209          11943        0.0056        0.4369        0.5770        0.3024        Set4
61514.5637    9588.6995     909.1865      -0.4730       0.8065        0.3547        329.61        69.23         5.5530        0.3965         2491          11958        0.0123        0.7184        0.8206        0.6048        Set4
61514.5642    9584.5168     907.0082      0.4059        -0.9107       0.0767        155.98        85.60         3.2686        2.4065         4783          11960        0.0254        0.6406        0.3108        0.2304        Set4
61515.5486    9586.6873     907.4626      -0.4974       0.8264        0.2641        328.96        74.69         7.1039        1.2353         4007          12000        0.0089        1.7064        0.4466        0.7776        Set4
61515.1926    9590.0961     908.8279      -0.5255       0.7556        0.3910        325.18        66.99         5.7408        0.6449         333           12048        0.0058        0.2358        0.4058        0.1584        Set4
61515.4079    9590.3984     908.5707      -0.5118       0.8110        0.2835        327.74        73.53         4.5607        0.9615         524           12060        0.0112        0.2490        0.5472        0.2016        Set4
61515.6295    9590.5688     908.6683      -0.3536       0.9349        0.0308        339.28        88.24         3.4435        0.2036         717           12079        0.0150        0.4701        0.4648        0.2160        Set4
61515.7537    9590.7666     908.2948      -0.5527       0.7663        0.3276        324.20        70.88         6.6000        0.0965         1064          12082        0.0053        0.6717        0.5135        0.4176        Set4
61515.7501    9591.2549     909.1857      -0.4945       0.7846        0.3741        327.78        68.03         5.9216        0.3118         703           12088        0.0056        0.5982        0.2767        0.2160        Set4
61516.2672    9591.5416     908.3576      0.4794        -0.8628       0.1604        150.94        80.77         3.8659        0.2034         653           12129        0.0133        0.4417        0.3488        0.1728        Set4
61516.5896    9591.8819     907.8989      -0.5163       0.8216        0.2416        327.86        76.02         6.0086        0.2811         656           12153        0.0059        0.5051        0.4606        0.2736        Set4
61516.5372    9592.6603     908.7267      -0.5581       0.7522        0.3503        323.43        69.49         6.0721        0.5675         232           12167        0.0060        0.3367        0.4919        0.2016        Set4
61517.2020    9593.5596     908.7021      0.3447        -0.9379       0.0403        159.82        87.69         4.7398        0.2221         659           12202        0.0105        0.5002        0.5132        0.3168        Set4
61517.9895    9594.0485     908.1238      0.5670        -0.7841       0.2523        144.13        75.39         4.9009        0.1146         848           12234        0.0105        0.5530        0.5970        0.4176        Set4
61520.3905    9599.1278     908.8287      -0.3117       0.9502        0.0027        341.84        89.85         3.6993        0.6503         445           12303        0.0150        0.3437        0.4708        0.2160        Set4
61520.6281    9598.1496     908.2884      0.1991        -0.9506       0.2383        168.17        76.21         4.3017        0.4206         753           12306        0.0128        0.5863        0.3635        0.3168        Set4
61521.1204    9596.5279     906.9751      0.1061        0.9839        0.1437        6.16          81.74         7.0153        1.1050         942           12333        0.0065        1.0514        0.3548        0.4752        Set4
61521.9266    9598.7672     907.9741      0.1522        -0.9059       0.3952        170.47        66.72         4.3883        0.4603         355           12458        0.0124        0.5045        0.3988        0.2592        Set4
61522.1786    9598.9536     908.4193      0.3692        -0.8482       0.3799        156.48        67.67         4.3719        0.2289         269           12517        0.0103        0.4161        0.4608        0.2592        Set4
61523.1262    9598.3773     907.6019      -0.0323       -0.9964       0.0784        181.85        85.50         4.7542        0.1154         3915          12566        0.0266        1.6236        1.2977        1.8288        Set4
61523.8488    9599.5169     909.1812      -0.4480       0.7996        0.3999        330.74        66.43         6.8678        0.3831         680           12684        0.0076        1.2095        0.4499        0.6480        Set4
61523.7536    9598.6612     908.3710      -0.0025       -0.9110       0.4125        180.16        65.64         4.3301        0.2947         248           12719        0.0101        0.4590        0.2893        0.1728        Set4
61524.1423    9598.5267     907.5782      0.2241        -0.9737       0.0406        167.04        87.68         5.9285        0.5236         1432          12730        0.0134        1.0807        1.0342        0.8928        Set4
61524.2631    9597.3995     906.9196      -0.2084       -0.9689       0.1331        192.14        82.35         5.9415        0.4094         621           12777        0.0068        0.4784        0.6328        0.3312        Set4
61524.6700    9600.0159     909.2762      -0.4379       0.7938        0.4221        331.11        65.03         7.0129        0.2170         693           12836        0.0066        1.0659        0.7079        0.7056        Set4
61524.6412    9598.4760     907.4336      -0.1039       -0.9131       0.3942        186.49        66.78         5.0876        0.5104         270           12843        0.0086        0.5026        0.2212        0.2016        Set4
61525.0713    9598.7880     907.7600      -0.0245       -0.9854       0.1684        181.43        80.30         4.0002        0.7047         207           12901        0.0137        0.5150        0.2221        0.2016        Set4
61526.9142    9599.0180     908.4006      -0.3912       0.8252        0.4074        334.64        65.96         4.7453        0.3613         289           13007        0.0081        0.3938        0.3393        0.1584        Set4
61527.1422    9598.5704     907.6428      -0.2597       -0.9024       0.3437        196.05        69.89         4.0922        0.3128         248           13022        0.0090        0.3245        0.2533        0.1584        Set4
61528.3837    9598.3190     908.0045      -0.4869       0.7961        0.3593        328.55        68.95         5.4540        0.1830         233           13110        0.0049        0.3215        0.3559        0.1728        Set4
61528.9827    9597.9889     907.1706      -0.1420       0.9785        0.1493        351.74        81.41         3.7081        0.2554         1513          13134        0.0229        0.7293        0.5351        0.4464        Set4
61530.4926    9597.4867     906.5878      0.2040        0.7735        0.6001        14.78         53.12         5.5650        0.7748         251           13271        0.0068        0.4738        0.1427        0.1584        Set4
61530.5706    9597.6948     906.8803      0.0704        0.9856        0.1535        4.09          81.17         5.0056        0.2182         312           13291        0.0062        0.4574        0.2495        0.1584        Set4
61531.1922    9598.4077     907.6811      0.0169        -0.9820       0.1881        179.01        79.16         5.0908        0.5540         742           13341        0.0111        0.7907        0.3400        0.3456        Set4
61531.1154    9598.4410     907.8972      0.2405        -0.8860       0.3964        164.81        66.64         3.7056        0.3323         259           13356        0.0128        0.4039        0.2445        0.1584        Set4
61531.4143    9597.0794     906.1869      -0.0178       -0.9952       0.0961        181.03        84.48         4.9461        0.3519         1229          13362        0.0133        0.8227        0.5310        0.4896        Set4
61531.7184    9599.1688     909.2747      -0.0154       -0.7942       0.6075        181.11        52.59         5.4616        0.1496         166           13445        0.0049        0.3626        0.2820        0.1584        Set4
61531.7600    9598.4032     907.6358      0.3929        -0.9149       0.0926        156.76        84.69         4.8697        0.4259         246           13451        0.0077        0.4382        0.2435        0.1584        Set4
61532.5952    9597.0961     906.4360      -0.0301       -0.9995       0.0062        181.73        89.64         4.2099        0.3675         5427          13461        0.0386        1.6800        1.0851        1.6704        Set4
61532.1641    9598.6126     907.9497      -0.1377       -0.9503       0.2791        188.25        73.79         5.7381        2.3513         194           13510        0.0095        0.3870        0.6864        0.2592        Set4
61532.4266    9598.6419     908.2609      -0.4561       0.8022        0.3853        330.38        67.34         7.0356        0.1181         1460          13511        0.0061        1.0670        0.7491        0.8640        Set4
61532.9600    9599.2105     908.7804      0.0394        -0.9168       0.3975        177.54        66.58         4.3812        0.2257         456           13584        0.0120        0.5902        0.3826        0.2880        Set4
61533.3025    9598.5719     907.9194      0.1004        0.9948        0.0167        5.76          89.04         4.3162        0.8644         680           13614        0.0168        0.6601        0.3687        0.3600        Set4
61533.4429    9596.9438     905.8492      -0.0059       -0.9538       0.3002        180.35        72.53         4.2544        0.4647         363           13661        0.0104        0.3875        0.3732        0.1584        Set4
61533.9529    9596.9887     905.8976      -0.0032       -0.9528       0.3035        180.19        72.33         5.3931        0.5827         1293          13664        0.0173        1.4257        0.4860        0.8064        Set4
61533.7865    9599.2523     908.7704      -0.4649       0.8236        0.3249        330.55        71.04         4.9594        0.2317         961           13689        0.0166        0.9105        0.7211        0.7920        Set4
61533.9660    9598.3069     907.4617      -0.2725       -0.9579       0.0902        195.88        84.83         4.4045        0.5078         1131          13726        0.0211        0.8493        0.6128        0.5184        Set4
61533.9714    9597.1980     906.3710      -0.0075       0.9900        0.1408        359.57        81.91         4.2733        0.3958         319           13740        0.0096        0.3314        0.3898        0.1728        Set4
61534.5241    9599.2727     908.7416      0.2790        0.9290        0.2433        16.72         75.92         5.4846        0.5846         335           13811        0.0096        0.3336        0.6469        0.2880        Set4
61534.8290    9599.1220     908.7538      0.3787        0.8892        0.2568        23.07         75.12         5.7394        0.6306         164           13850        0.0067        0.4114        0.4019        0.1728        Set4
61535.0355    9599.0713     908.5487      0.3618        0.8954        0.2598        22.00         74.94         5.1097        0.2073         171           13894        0.0068        0.2958        0.4749        0.1728        Set4
61535.2817    9597.0818     905.7578      -0.0418       0.9740        0.2228        357.54        77.13         5.9040        0.2945         335           13909        0.0051        0.5147        0.2409        0.2160        Set4
61536.7884    9599.2093     907.7479      0.0472        0.9953        0.0844        2.71          85.16         6.5495        0.0742         4393          13974        0.0101        1.3144        1.1935        1.6992        Set4
61537.3099    9599.1575     907.0337      0.0151        0.9971        0.0740        0.87          85.76         5.8155        0.2141         319           14038        0.0060        0.6162        0.3682        0.2448        Set4
61537.2930    9599.1052     908.3633      0.0107        0.9893        0.1458        0.62          81.62         5.9626        0.3665         348           14039        0.0061        0.5733        0.3412        0.2592        Set4
61537.8448    9599.1069     907.2197      0.0300        0.9950        0.0956        1.73          84.51         6.7865        0.3350         835           14062        0.0073        1.1237        0.5415        0.6912        Set4
61539.7745    9598.6933     907.3793      -0.0233       0.9856        0.1674        358.65        80.37         7.2730        0.5714         252           14155        0.0047        0.8899        0.2680        0.4032        Set4
61540.4714    9598.3728     906.7250      -0.2235       -0.9647       0.1393        193.04        81.99         5.2707        0.3699         109           14232        0.0076        0.2550        0.4250        0.1584        Set4
61544.0134    9598.6637     906.3296      0.3389        0.8949        0.2904        20.74         73.12         7.0532        0.1966         250           14360        0.0053        0.8419        0.5526        0.5328        Set4
61544.4465    9598.6183     905.9422      0.3428        0.8958        0.2831        20.94         73.56         5.6333        0.2704         69            14427        0.0048        0.2615        0.3217        0.1584        Set4
61545.7154    9598.3971     905.1994      0.3588        0.8986        0.2526        21.77         75.37         6.4232        0.1489         90            14516        0.0042        0.3671        0.3987        0.2016        Set4
