 233           46            673           257 
 233           90            790           167 
 253           90            838           264 
 271           90            851           354 
 275           90            849           377 
 279           90            847           396 
 281           90            845           405 
 281           69            775           392 
280           45             699           377 
 258           45            697           320 
 233           46            673           257 
