51            45             433           445 
 50            90            319           543 
 57            90            297           513 
 74            90            263           434 
 89            90            251           356 
 108           90            264           258 
 120           90            290           199 
 120           45            419           274 
 93            46            398           341 
 69            46            408           404 
51            45             433           445 
