0             2              550           355 
0             45             552           499 
35            45             464           472 
69            45             409           405 
93            45             399           342 
120           45             421           275 
145           44             466           228 
172           45             529           203 
200           45             603           208 
234           46             673           259 
258           45             696           319 
287           45             693           393 
321           46             645           469 
358           44             555           498 
359           2              553           356 
 0             2             550           355 
