 0             1             550           352 
 22            38            502           468 
65            46             410           414 
 83            54            370           373 
 124           54            401           248 
 186           46            565           199 
 221           44            646           241 
 264           37            673           336 
 301           38            658           415 
 318           38            634           444 
 359           38            543           477 
 0             1             550           352 
