X             Y             Z             A             B             C             Azimuth       Dip           M             K             Population    Number        Rugosity      Length        Height        Area          Set
61432.7358    9561.6024     920.1674      0.9120        0.4098        0.0201        65.80         88.85         6.4473        1.1462         3150          1            0.0121        0.7646        1.3018        0.7056        Set5
61433.0561    9561.9377     918.5808      -0.8830       -0.4669       0.0488        242.13        87.20         5.0789        0.3212         18561         12           0.0362        2.2079        1.4947        2.6352        Set5
61433.2832    9560.8364     920.0464      -0.9217       -0.3418       0.1834        249.65        79.43         3.4960        0.5820         10511         80           0.0541        1.4422        0.9772        1.3536        Set5
61433.1700    9561.2578     920.9162      0.7439        0.6447        0.1759        49.09         79.87         4.2900        0.0735         3450          84           0.0192        0.8393        0.7579        0.6192        Set5
61433.0440    9561.6546     923.6205      -0.8261       -0.5360       0.1739        237.02        79.98         4.8496        0.1699         3910          89           0.0170        1.0800        0.7733        0.8496        Set5
61433.0153    9562.8592     918.2834      -0.9149       -0.3479       0.2048        249.18        78.18         5.6248        0.4008         1268          110          0.0072        0.5562        0.4962        0.3024        Set5
61433.2293    9561.1915     919.2491      0.8376        0.5238        0.1554        57.98         81.06         4.6662        0.2299         3114          136          0.0128        0.6658        0.5644        0.3888        Set5
61433.1461    9561.2861     920.4701      -0.6856       -0.7022       0.1923        224.31        78.91         4.1593        0.4537         703           139          0.0135        0.4284        0.4311        0.2448        Set5
61433.0858    9562.6716     924.2908      -0.6910       -0.4242       0.5853        238.45        54.18         4.9909        0.3004         378           163          0.0077        0.5161        0.2310        0.2448        Set5
61433.2326    9561.5238     921.5451      0.9219        0.3658        0.1273        68.36         82.69         4.8535        0.5386         1069          220          0.0122        0.6661        0.3961        0.3312        Set5
61433.2284    9565.4620     918.3066      -0.8896       -0.3665       0.2724        247.61        74.19         4.9377        0.3258         1024          252          0.0112        0.4600        0.6786        0.3600        Set5
61433.1740    9568.7675     920.2016      -0.8542       -0.5198       0.0141        238.68        89.19         3.4595        0.4183         1991          273          0.0177        0.4587        0.4620        0.2448        Set5
61433.2053    9569.5396     918.8218      -0.8557       -0.2738       0.4391        252.26        63.96         4.9792        0.3734         2939          287          0.0122        0.7049        0.6040        0.4608        Set5
61433.3088    9560.1194     922.1066      0.9560        0.2925        0.0199        72.99         88.86         5.1523        0.2173         6830          293          0.0131        0.9396        0.5699        0.5184        Set5
61433.3090    9560.4321     921.5478      0.9482        0.3174        0.0112        71.49         89.36         3.6698        0.1857         3989          297          0.0175        0.4894        0.5964        0.3744        Set5
61433.2074    9560.6252     922.5341      -0.8851       -0.3743       0.2766        247.08        73.94         4.3188        0.4072         665           299          0.0098        0.4600        0.2605        0.1584        Set5
61433.4683    9560.3208     922.9422      -0.9001       -0.4194       0.1177        245.01        83.24         4.1757        0.2262         12623         314          0.0301        1.2205        1.0193        1.2384        Set5
61433.2762    9561.3604     921.9936      -0.8734       -0.4283       0.2318        243.88        76.60         4.0028        0.8303         1594          335          0.0189        0.5841        0.5019        0.2880        Set5
61433.2797    9564.0995     918.9754      0.8531        0.5081        0.1188        59.22         83.18         6.1651        0.8837         829           383          0.0083        0.5345        0.8463        0.3600        Set5
61433.3732    9564.8586     925.4721      -0.8784       -0.2753       0.3907        252.60        67.00         4.1975        1.0131         335           391          0.0138        0.4087        0.4442        0.1872        Set5
61433.3502    9565.0622     919.8247      -0.9249       -0.2927       0.2428        252.44        75.95         4.0121        0.0907         4719          393          0.0265        1.0149        1.0006        0.8352        Set5
61433.2820    9565.3824     919.0873      0.8521        0.4988        0.1584        59.65         80.89         4.8447        0.5347         1865          398          0.0137        0.4942        0.7007        0.3312        Set5
61433.4347    9565.2791     923.2522      0.9034        0.4283        0.0205        64.63         88.83         4.4968        0.3819         8947          404          0.0251        1.3674        1.0913        1.2528        Set5
61433.3265    9565.5977     924.0462      -0.7842       -0.6137       0.0915        231.95        84.75         6.2757        0.5904         1661          406          0.0077        0.8723        0.2682        0.4464        Set5
61433.7439    9565.0374     924.0243      -0.8261       -0.5550       0.0975        236.10        84.40         6.1975        0.5839         5455          408          0.0152        1.9213        0.6810        1.3968        Set5
61433.3105    9567.9725     918.7988      -0.8960       -0.4218       0.1384        244.79        82.05         4.5527        0.7099         5083          419          0.0233        0.7393        1.0161        0.6336        Set5
61433.2982    9568.1617     919.8738      -0.8456       -0.3445       0.4078        247.84        65.93         5.0613        0.1253         1642          425          0.0053        0.3295        0.3344        0.1584        Set5
61433.2850    9568.9050     919.7951      0.7890        0.2982        0.5372        69.30         57.51         3.6611        0.2130         821           439          0.0128        0.4011        0.2943        0.2160        Set5
61433.4161    9568.9831     920.7119      -0.8805       -0.3047       0.3631        250.91        68.71         2.5946        0.3080         3328          441          0.0357        0.7973        0.5429        0.5184        Set5
61433.7239    9558.5532     922.9571      0.7028        0.7100        0.0441        44.71         87.47         4.6888        0.1852         9693          466          0.0200        1.1782        0.9058        0.9648        Set5
61433.8706    9557.9563     920.7605      0.9338        0.3476        0.0852        69.58         85.11         5.0829        0.1527         69664         467          0.0429        3.0482        2.2228        4.6800        Set5
61433.4075    9559.1896     921.7911      -0.8539       -0.4406       0.2769        242.71        73.92         4.8284        0.3150         4425          468          0.0137        0.7040        0.5577        0.4608        Set5
61433.3833    9559.9171     921.2337      0.9683        0.2475        0.0351        75.66         87.99         4.9936        0.2482         6418          473          0.0134        0.7003        0.7414        0.5184        Set5
61433.4100    9560.6070     918.6979      0.9469        0.2489        0.2037        75.27         78.25         5.2003        0.4341         6752          479          0.0195        0.7965        1.4302        0.9072        Set5
61433.4049    9560.7177     920.7182      0.9362        0.3021        0.1796        72.11         79.65         4.6940        0.6792         5385          489          0.0170        0.5710        0.7710        0.4464        Set5
61433.3975    9564.5693     918.3278      0.9441        0.2221        0.2435        76.76         75.91         4.3375        0.4048         694           614          0.0115        0.4446        0.3205        0.1728        Set5
61433.3518    9564.9021     918.8494      -0.8853       -0.4636       0.0375        242.36        87.85         5.2669        1.1779         1777          618          0.0165        0.4970        0.9592        0.4608        Set5
61433.3469    9564.7988     920.5451      0.9673        0.2399        0.0829        76.07         85.24         4.8705        0.3455         731           619          0.0077        0.2783        0.4361        0.1728        Set5
61433.5950    9564.5109     922.4477      -0.8826       -0.4440       0.1546        243.30        81.10         5.0606        0.0593         14155         624          0.0219        1.4636        1.4385        2.0592        Set5
61433.3121    9565.6738     920.6891      -0.9281       -0.3712       0.0280        248.20        88.39         4.4012        0.6298         780           651          0.0098        0.4670        0.2979        0.1872        Set5
61433.3905    9566.5093     925.5563      0.9536        0.1678        0.2500        80.02         75.52         5.5238        0.2350         2661          671          0.0119        0.8434        0.6365        0.5472        Set5
61433.4407    9566.3810     923.0380      -0.9710       -0.2368       0.0328        256.30        88.12         4.6705        0.2220         9980          672          0.0249        1.2619        0.9349        1.0224        Set5
61433.5264    9559.1943     920.6373      0.9635        0.1002        0.2483        84.06         75.62         4.3791        0.2662         7906          744          0.0240        1.0064        0.7219        0.7920        Set5
61433.5611    9560.0402     917.9492      -0.8374       -0.4390       0.3257        242.34        70.99         3.8959        0.3780         7838          760          0.0291        0.9938        0.5823        0.6912        Set5
61433.7036    9560.1341     918.8621      0.8103        0.3532        0.4676        66.45         62.12         4.7632        0.2783         10859         778          0.0171        0.8305        0.8605        0.7920        Set5
61433.4177    9564.4271     921.3177      0.9594        0.2701        0.0814        74.28         85.33         5.1597        0.3655         2741          881          0.0159        0.6352        1.0645        0.6336        Set5
61433.4412    9564.5096     924.5691      0.9456        0.3244        0.0248        71.07         88.58         4.5636        1.1091         437           890          0.0104        0.4005        0.1776        0.1584        Set5
61433.4362    9565.1561     925.7925      -0.8000       -0.3100       0.5137        248.82        59.09         5.6372        0.0543         179           938          0.0042        0.4072        0.2846        0.2160        Set5
61433.4838    9565.4655     921.2859      -0.9791       -0.1986       0.0431        258.54        87.53         5.4780        0.0829         828           965          0.0063        0.4206        0.4431        0.2160        Set5
61433.6221    9567.2873     919.5221      -0.9316       -0.3103       0.1892        251.58        79.10         4.2923        0.2274         8762          1013         0.0229        0.8841        0.9662        0.9216        Set5
61433.4499    9568.5583     921.0270      0.8769        0.4315        0.2117        63.80         77.78         4.0793        0.7050         1143          1040         0.0141        0.5358        0.3674        0.2016        Set5
61433.6006    9558.6024     922.1964      -0.8676       -0.4906       0.0815        240.51        85.33         4.7112        0.1736         12099         1070         0.0162        0.8112        0.6983        0.7344        Set5
61433.6327    9560.4363     920.4637      0.8912        0.3889        0.2333        66.42         76.51         4.9423        0.8187         2034          1131         0.0096        0.5661        0.4556        0.2448        Set5
61433.5971    9564.2472     924.8341      -0.9462       -0.2389       0.2182        255.83        77.40         4.6957        0.0602         843           1186         0.0112        0.5574        0.6192        0.4752        Set5
61433.5273    9565.7681     921.9671      0.8959        0.4216        0.1400        64.80         81.95         4.9290        0.5296         2667          1219         0.0113        0.3810        0.6669        0.2592        Set5
61433.5988    9567.2226     918.6987      -0.8615       -0.4566       0.2221        242.07        77.16         3.7961        0.2608         1343          1268         0.0122        0.3477        0.4266        0.2160        Set5
61433.6042    9567.0469     919.0113      0.8636        0.4489        0.2294        62.54         76.74         4.0763        0.4010         827           1269         0.0111        0.3605        0.3202        0.1584        Set5
61433.6406    9567.8391     920.2636      -0.9317       -0.3571       0.0664        249.03        86.19         3.9786        0.2154         6106          1294         0.0270        0.7828        1.0938        0.8352        Set5
61433.5334    9568.3299     920.3215      0.9480        0.2298        0.2201        76.37         77.29         5.8843        0.5680         1610          1301         0.0060        0.4613        0.5447        0.2736        Set5
61433.6645    9559.3519     920.1861      0.8694        0.3997        0.2906        65.31         73.11         4.7724        1.3345         1296          1349         0.0098        0.5093        0.1897        0.1584        Set5
61433.6580    9559.6224     922.9565      0.9816        0.1482        0.1200        81.41         83.11         4.7502        0.2046         1313          1355         0.0094        0.4239        0.4265        0.2016        Set5
61433.7123    9560.0978     919.7397      0.8020        0.5918        0.0810        53.58         85.35         3.9889        0.4789         3234          1369         0.0151        0.5108        0.3420        0.2592        Set5
61433.7591    9566.6562     919.6762      -0.7694       -0.4940       0.4049        237.30        66.12         5.6133        1.0123         2784          1455         0.0165        0.8553        0.9301        0.5184        Set5
61433.6724    9566.5061     922.3083      0.9165        0.3864        0.1032        67.14         84.08         4.6966        0.3004         1985          1458         0.0082        0.3957        0.2961        0.2160        Set5
61433.6060    9567.6262     924.0544      0.9667        0.2021        0.1569        78.19         80.98         5.0642        0.2427         1201          1503         0.0057        0.3086        0.3683        0.1584        Set5
61433.7103    9567.7929     920.9619      -0.9256       -0.3770       0.0345        247.84        88.02         4.3798        0.1313         4736          1510         0.0156        0.7159        0.6207        0.5040        Set5
61433.7952    9558.5593     923.5817      -0.7925       -0.2326       0.5637        253.64        55.68         4.8055        0.3541         834           1555         0.0082        0.2646        0.3871        0.1872        Set5
61433.7113    9560.0173     918.3262      0.9216        0.3845        0.0530        67.35         86.96         3.4241        0.2983         1649          1580         0.0121        0.4102        0.2748        0.1728        Set5
61433.7441    9560.2272     923.9232      -0.9019       -0.4046       0.1511        245.84        81.31         3.5380        0.1116         987           1590         0.0121        0.3862        0.4023        0.1728        Set5
61433.9096    9559.0851     919.8586      0.9545        0.2954        0.0415        72.80         87.62         5.3225        0.8328         2572          1746         0.0086        0.5916        0.2454        0.2448        Set5
61433.7881    9560.4451     924.1762      -0.9349       -0.2028       0.2913        257.76        73.07         4.3162        0.8948         405           1772         0.0088        0.3269        0.3015        0.1584        Set5
61433.9504    9563.8654     923.0493      0.9047        0.4259        0.0087        64.79         89.50         4.0889        0.5214         1714          1788         0.0194        0.4914        0.8713        0.5328        Set5
61433.8811    9566.8661     921.3934      -0.9692       -0.2123       0.1250        257.64        82.82         5.4018        0.3161         1909          1809         0.0101        0.4967        0.7215        0.3168        Set5
61433.8567    9567.2107     920.5990      0.9798        0.1384        0.1445        81.96         81.69         5.7902        0.2662         1004          1820         0.0055        0.2843        0.4816        0.1728        Set5
61433.8622    9568.5065     922.6446      -0.9708       -0.2396       0.0104        256.14        89.40         5.8024        0.2257         14715         1843         0.0132        0.8899        1.3087        1.0512        Set5
61433.9205    9569.3326     923.0024      0.9589        0.2585        0.1173        74.91         83.27         5.6179        0.2937         21983         1856         0.0140        1.1046        1.6374        1.3824        Set5
61433.8280    9570.6248     919.4626      0.9053        0.4019        0.1377        66.06         82.08         5.8000        3.8373         532           1860         0.0094        0.1597        0.7936        0.2736        Set5
61433.8775    9571.3251     918.9920      -0.9387       -0.3397       0.0580        250.10        86.67         4.7098        0.3396         1582          1863         0.0083        0.2513        0.4328        0.1584        Set5
61434.0152    9556.9845     917.8049      -0.8721       -0.2940       0.3911        251.37        66.98         5.2551        0.6751         943           1875         0.0075        0.5337        0.2273        0.1728        Set5
61433.9764    9557.7571     917.6247      -0.4529       -0.2834       0.8454        237.97        32.29         5.7964        0.4837         596           1877         0.0062        0.5254        0.1039        0.2160        Set5
61433.9897    9558.3378     919.7244      0.9775        0.2081        0.0355        77.98         87.97         4.8363        0.1963         4338          1890         0.0118        0.6823        0.5283        0.4032        Set5
61433.9399    9566.8469     920.3538      0.9435        0.3262        0.0584        70.93         86.65         2.9482        0.2501         1957          1968         0.0176        0.3994        0.4311        0.2160        Set5
61433.9762    9567.8413     922.3104      0.9691        0.2466        0.0106        75.73         89.40         5.1118        0.3574         2139          2003         0.0100        0.4462        0.6892        0.3168        Set5
61433.9174    9568.0868     923.0672      0.9583        0.2797        0.0582        73.73         86.67         5.5853        0.7365         1275          2004         0.0059        0.4152        0.2859        0.1584        Set5
61433.9399    9571.4754     919.5302      -0.8091       -0.4096       0.4215        243.15        65.07         4.6228        1.0211         4167          2042         0.0137        0.7179        0.5229        0.3024        Set5
61434.0799    9555.7713     920.2523      0.7795        0.5995        0.1816        52.44         79.54         4.0473        0.8725         1256          2067         0.0121        0.3361        0.3718        0.1584        Set5
61434.0510    9558.5268     919.4301      0.9577        0.2063        0.2008        77.85         78.42         4.6216        1.1874         1579          2107         0.0114        0.5220        0.1950        0.2016        Set5
61434.0610    9559.3989     924.1858      -0.7443       -0.3510       0.5682        244.75        55.37         4.3302        0.2623         677           2123         0.0089        0.4907        0.2308        0.2016        Set5
61434.0936    9559.5077     918.1519      0.9189        0.3937        0.0235        66.81         88.65         3.4640        0.8488         2314          2126         0.0202        0.3324        0.7255        0.2592        Set5
61434.0170    9567.5538     922.6435      -0.9228       -0.3521       0.1566        249.11        80.99         4.8661        0.6975         823           2173         0.0075        0.3396        0.3345        0.1584        Set5
61434.3183    9554.6130     917.5174      -0.9085       -0.3338       0.2515        249.82        75.43         5.6904        0.4538         30459         2224         0.0246        2.3558        0.9328        2.1024        Set5
61434.1281    9555.7268     917.8618      -0.9746       -0.1758       0.1388        259.78        82.02         4.3102        0.1299         3363          2235         0.0108        0.4291        0.4155        0.2016        Set5
61434.2495    9555.6894     920.7141      0.7566        0.6532        0.0304        49.20         88.26         3.3244        0.1067         1833          2236         0.0167        0.3920        0.6322        0.2448        Set5
61434.1801    9556.0671     918.5474      0.9148        0.4040        0.0056        66.17         89.68         4.5023        0.4456         1822          2244         0.0113        0.3863        0.5237        0.2160        Set5
61434.1584    9556.3559     919.0028      0.9219        0.3162        0.2237        71.07         77.07         4.9867        0.9565         1536          2246         0.0109        0.2510        0.5618        0.2304        Set5
61434.3492    9555.9293     919.5379      -0.8914       -0.3632       0.2710        247.83        74.27         4.4842        0.1551         21923         2254         0.0328        1.4898        1.2070        1.7280        Set5
61434.1606    9556.5317     918.0804      -0.9484       -0.3157       0.0289        251.59        88.34         4.7754        0.7188         1592          2256         0.0112        0.3276        0.5903        0.2448        Set5
61434.1367    9556.8728     919.9614      0.9650        0.1652        0.2037        80.28         78.24         4.5163        0.5231         2046          2265         0.0135        0.5259        0.6403        0.3312        Set5
61434.1556    9557.5749     920.1297      0.9841        0.1708        0.0487        80.15         87.21         5.2708        1.2587         1649          2285         0.0096        0.2632        0.6238        0.1728        Set5
61434.1794    9558.1790     922.0057      0.9482        0.2633        0.1775        74.48         79.78         4.5194        0.3574         4027          2310         0.0148        0.6414        0.5113        0.3888        Set5
61434.2254    9558.3510     918.9154      0.9714        0.2356        0.0292        76.37         88.33         5.5251        0.2868         15969         2325         0.0146        1.3089        0.7362        1.0512        Set5
61434.2243    9573.0188     919.1318      -0.8245       -0.4889       0.2848        239.33        73.45         3.0751        0.1602         3293          2401         0.0261        0.5566        0.6153        0.3744        Set5
61434.7826    9554.7783     918.5889      -0.7589       -0.6348       0.1451        230.09        81.66         4.4501        0.1222         38297         2422         0.0454        2.2717        1.5595        2.9232        Set5
61434.1907    9555.7987     918.1775      -0.9479       -0.1786       0.2637        259.33        74.71         3.9594        0.1848         1248          2429         0.0103        0.2967        0.3708        0.1584        Set5
61434.2007    9557.5286     919.7432      0.9225        0.2521        0.2924        74.71         73.00         4.1362        0.6587         2349          2529         0.0122        0.2563        0.4613        0.2016        Set5
61434.2990    9557.6659     921.6841      -0.8894       -0.4469       0.0961        243.32        84.49         3.6620        0.0408         3805          2554         0.0189        0.5330        0.4782        0.4032        Set5
61434.2459    9558.0035     922.5840      -0.9273       -0.3594       0.1044        248.81        84.01         4.1163        0.5390         3148          2561         0.0177        0.6294        0.3836        0.3312        Set5
61434.2805    9558.3204     918.0835      -0.9664       -0.2516       0.0526        255.41        86.98         4.2081        0.2374         2210          2577         0.0094        0.3482        0.2819        0.1584        Set5
61434.3397    9557.7292     923.4660      -0.8231       -0.3912       0.4117        244.58        65.69         4.4831        0.4880         972           2711         0.0091        0.4324        0.2540        0.1728        Set5
61434.3277    9558.0058     922.9444      -0.9125       -0.3485       0.2143        249.09        77.62         4.0776        0.5632         1448          2727         0.0148        0.5884        0.4938        0.2448        Set5
61434.5116    9555.1290     918.9342      -0.6873       -0.7220       0.0794        223.59        85.45         5.8943        0.8828         4379          2793         0.0105        0.5642        0.9121        0.3744        Set5
61434.3940    9559.0336     918.3991      -0.9612       -0.1545       0.2288        260.87        76.78         3.2634        0.7492         1443          2839         0.0182        0.4317        0.3103        0.2160        Set5
61434.4585    9568.7662     926.2353      -0.9840       -0.1735       0.0415        260.00        87.62         5.7837        0.2850         1017          2854         0.0064        0.4209        0.3852        0.2160        Set5
61434.5165    9574.5825     919.6862      -0.8854       -0.4543       0.0983        242.84        84.36         4.8524        0.2947         5768          2881         0.0132        0.5808        0.7496        0.4752        Set5
61434.6826    9557.7059     922.6620      -0.8733       -0.4232       0.2415        244.15        76.02         4.6137        1.0667         1626          3008         0.0117        0.2628        0.5447        0.1872        Set5
61434.6572    9568.7838     925.1579      0.9701        0.2370        0.0532        76.27         86.95         4.4307        0.0770         2139          3016         0.0113        0.4493        0.5689        0.3168        Set5
61434.8054    9570.6824     921.4669      -0.8801       -0.4276       0.2064        244.09        78.09         3.8691        0.6291         9170          3026         0.0436        0.9664        1.2296        1.0656        Set5
61434.7583    9573.6391     920.2016      -0.7960       -0.4324       0.4236        241.49        64.94         4.6014        0.3095         1816          3049         0.0107        0.3814        0.4014        0.2592        Set5
61434.8373    9557.4857     923.7923      -0.6415       -0.4892       0.5909        232.67        53.78         5.5901        0.3800         743           3091         0.0085        0.3714        0.6503        0.4032        Set5
61434.7966    9569.6855     924.6613      -0.7921       -0.3202       0.5197        247.99        58.69         5.4731        0.3304         1085          3110         0.0060        0.3361        0.3949        0.1728        Set5
61434.9119    9570.5738     924.7208      -0.9471       -0.2927       0.1313        252.82        82.45         5.4953        0.2188         13723         3187         0.0163        1.1004        1.2949        1.3104        Set5
61434.8858    9575.7271     919.3089      -0.8534       -0.3920       0.3434        245.33        69.91         4.2670        0.2118         1074          3219         0.0091        0.2811        0.3912        0.1728        Set5
61435.0601    9555.0376     920.1010      -0.8129       -0.5817       0.0301        234.41        88.28         4.9035        0.5490         8503          3246         0.0141        0.6198        0.8000        0.4320        Set5
61435.0360    9573.9683     922.5914      0.9704        0.2299        0.0740        76.67         85.76         4.9600        0.1307         14102         3314         0.0229        1.3513        1.4390        1.4400        Set5
61435.0977    9548.3314     916.8747      -0.9437       -0.2858       0.1663        253.15        80.42         4.2367        0.7428         1599          3333         0.0182        0.5813        0.3202        0.2880        Set5
61435.2419    9557.0100     923.7355      -0.7009       -0.6121       0.3662        228.87        68.52         5.5437        0.6420         1223          3358         0.0084        0.6734        0.4164        0.2592        Set5
61435.0792    9570.0068     924.8897      0.8239        0.5602        0.0864        55.79         85.05         3.9156        0.8114         1103          3370         0.0155        0.2592        0.4843        0.1728        Set5
61435.1063    9572.7717     922.0117      -0.8691       -0.4484       0.2088        242.71        77.95         4.1344        0.5451         2049          3426         0.0171        0.5685        0.6334        0.3888        Set5
61435.1794    9573.6393     921.8577      0.9006        0.4225        0.1027        64.87         84.11         3.4748        0.1269         4023          3435         0.0281        0.7339        0.6272        0.6336        Set5
61435.1474    9549.0444     917.0348      -0.9318       -0.2788       0.2325        253.34        76.56         3.5224        0.1824         3048          3478         0.0215        0.5089        0.5750        0.3600        Set5
61435.2409    9549.3307     918.1006      -0.9898       -0.1373       0.0368        262.10        87.89         5.4319        0.4792         5052          3484         0.0213        0.8297        1.4697        1.1232        Set5
61435.1238    9549.8372     917.3419      -0.9150       -0.3589       0.1843        248.58        79.38         5.1221        0.9541         616           3492         0.0066        0.3451        0.3284        0.1584        Set5
61435.2678    9549.4656     918.9090      0.9391        0.3416        0.0369        70.01         87.89         5.5426        0.9421         2840          3494         0.0166        1.1335        0.8592        0.6624        Set5
61435.1554    9549.9118     918.6729      0.9482        0.3173        0.0153        71.50         89.12         5.2860        0.5691         1288          3505         0.0065        0.4976        0.4126        0.2592        Set5
61435.1699    9570.1078     924.4078      0.9668        0.2413        0.0838        75.98         85.19         4.5355        1.5519         1075          3563         0.0141        0.2044        0.5960        0.2016        Set5
61435.1265    9570.5613     923.3809      -0.9582       -0.2784       0.0655        253.80        86.24         3.9869        1.1264         2098          3574         0.0156        0.4474        0.4102        0.1872        Set5
61435.1333    9570.3568     923.9626      -0.9488       -0.2557       0.1853        254.92        79.32         4.4799        0.8018         632           3575         0.0094        0.3020        0.3495        0.1584        Set5
61435.0813    9570.9744     923.7762      0.9657        0.2257        0.1284        76.84         82.62         4.8723        0.3619         2722          3597         0.0086        0.3117        0.4579        0.1584        Set5
61435.0781    9571.1671     923.0986      0.9769        0.1877        0.1022        79.12         84.13         5.0127        1.3438         1863          3605         0.0100        0.2168        0.5390        0.1872        Set5
61435.0924    9571.5029     923.4128      0.9914        0.1303        0.0082        82.51         89.53         4.6288        0.5758         3672          3613         0.0129        0.3741        0.5480        0.2448        Set5
61435.2353    9572.8948     922.5348      -0.9273       -0.3170       0.1993        251.13        78.50         3.8160        0.1751         1497          3638         0.0180        0.6481        0.5983        0.3744        Set5
61435.2027    9573.9205     921.4207      0.8025        0.5095        0.3104        57.59         71.91         3.7725        0.3901         1516          3662         0.0149        0.5475        0.3491        0.2592        Set5
61435.2745    9548.1804     917.0559      -0.9043       -0.2786       0.3235        252.88        71.13         4.7464        1.1435         1943          3714         0.0151        0.7785        0.3190        0.3168        Set5
61435.3761    9548.1234     917.5184      0.8806        0.4739        0.0018        61.71         89.89         4.0354        0.4474         1899          3718         0.0145        0.6538        0.4524        0.3744        Set5
61435.2465    9548.6423     917.6417      0.9742        0.2064        0.0909        78.04         84.78         4.3717        0.4937         1222          3723         0.0126        0.4049        0.5412        0.2448        Set5
61435.3399    9548.3907     918.2791      0.8932        0.4479        0.0394        63.37         87.74         3.8526        0.2011         7642          3724         0.0257        0.8627        0.9770        0.7776        Set5
61435.3671    9550.2555     919.6820      -0.8616       -0.3993       0.3136        245.14        71.73         4.5095        0.4081         8882          3764         0.0235        0.7313        1.1088        0.7632        Set5
61435.3813    9572.2110     922.1642      -0.8464       -0.4365       0.3051        242.72        72.24         5.0139        0.4255         6188          3844         0.0139        0.5637        0.8055        0.5904        Set5
61435.3317    9572.4570     922.2659      -0.7857       -0.5505       0.2824        234.98        73.60         5.1231        0.9192         1093          3847         0.0075        0.1551        0.5434        0.1872        Set5
61435.3396    9573.4759     921.2387      0.9118        0.4048        0.0694        66.06         86.02         3.5801        0.4034         1353          3861         0.0175        0.5026        0.5018        0.2592        Set5
61435.3855    9545.6921     916.5864      0.9427        0.2861        0.1714        73.12         80.13         5.6710        0.5652         1583          3894         0.0072        0.6123        0.3376        0.2448        Set5
61435.4453    9546.6272     916.9892      0.8278        0.5558        0.0766        56.12         85.61         4.7413        0.2856         4061          3895         0.0189        0.7276        1.0836        0.7200        Set5
61435.4050    9547.5885     917.4630      -0.8036       -0.5016       0.3202        238.03        71.32         4.2249        0.6002         793           3910         0.0081        0.2257        0.4311        0.1584        Set5
61435.3547    9549.6862     919.2415      -0.8914       -0.3255       0.3153        249.94        71.62         4.4479        0.2107         2983          3954         0.0129        0.5907        0.5438        0.3312        Set5
61435.4375    9552.1512     917.3091      -0.7839       -0.3694       0.4991        244.77        60.06         5.0867        0.5662         1683          3983         0.0110        0.7011        0.3104        0.2592        Set5
61435.3226    9572.3840     921.6568      0.8956        0.3140        0.3151        70.68         71.63         4.4715        0.2737         2653          4023         0.0090        0.3469        0.4073        0.1728        Set5
61435.3643    9572.6579     923.5397      -0.9447       -0.2891       0.1547        252.98        81.10         5.1162        0.4902         2148          4035         0.0088        0.3250        0.5697        0.3024        Set5
61435.4248    9573.7140     924.0713      -0.9672       -0.2169       0.1321        257.36        82.41         5.0260        0.2367         7146          4064         0.0160        0.7510        0.9157        0.8064        Set5
61435.5353    9547.7652     918.2474      0.9554        0.2625        0.1351        74.64         82.24         5.1514        0.0951         5997          4107         0.0138        1.0055        0.8178        0.8064        Set5
61435.4316    9548.1421     918.8377      0.9832        0.1825        0.0104        79.48         89.41         4.3229        0.4449         558           4111         0.0084        0.2922        0.3039        0.1584        Set5
61435.4847    9548.4366     919.4302      -0.9548       -0.2737       0.1160        254.00        83.34         5.7814        0.9289         3342          4129         0.0191        1.4509        0.5301        0.9216        Set5
61435.3796    9550.3931     917.6718      0.9911        0.1202        0.0579        83.08         86.68         4.7613        0.6512         1565          4165         0.0106        0.3009        0.5135        0.2016        Set5
61435.4506    9551.2758     917.5628      0.9058        0.3403        0.2525        69.41         75.38         4.2669        0.4388         3126          4192         0.0123        0.3313        0.5362        0.2160        Set5
61435.4340    9552.7739     917.5695      -0.9382       -0.2569       0.2320        254.69        76.58         4.9082        0.2749         1604          4213         0.0097        0.5243        0.3755        0.2736        Set5
61435.4955    9554.6388     919.6825      -0.8651       -0.4895       0.1094        240.50        83.72         4.7374        0.8864         7858          4228         0.0230        1.0319        0.8688        0.7344        Set5
61435.4921    9555.5637     922.3686      0.9648        0.1615        0.2076        80.50         78.02         4.6163        0.3774         2379          4236         0.0132        0.5645        0.6841        0.4320        Set5
61435.4102    9570.3930     926.5597      -0.8889       -0.2868       0.3572        252.12        69.07         5.4031        0.3384         103           4253         0.0054        0.3786        0.2955        0.1584        Set5
61435.4619    9572.3393     924.1227      -0.9799       -0.1830       0.0790        259.42        85.47         4.9222        1.1284         2819          4266         0.0128        0.3149        0.7633        0.2880        Set5
61435.5172    9572.5389     921.3062      0.7453        0.4169        0.5204        60.78         58.64         4.6551        0.1801         3595          4272         0.0107        0.4731        0.5941        0.2880        Set5
61435.4519    9573.0868     924.6073      0.9714        0.2324        0.0496        76.54         87.16         5.0849        0.0690         3339          4286         0.0077        0.6365        0.4507        0.3312        Set5
61435.5070    9546.8434     917.4584      -0.9305       -0.3160       0.1852        251.24        79.33         4.5431        0.3507         1112          4330         0.0096        0.4332        0.4136        0.2016        Set5
61435.7607    9546.6356     917.8759      -0.8290       -0.5109       0.2274        238.35        76.86         5.5962        0.7258         3763          4337         0.0168        1.1720        0.5595        0.6480        Set5
61435.5748    9547.4574     918.8204      -0.9308       -0.3129       0.1891        251.42        79.10         4.8071        0.7437         1714          4351         0.0142        0.6158        0.4237        0.3312        Set5
61435.5134    9549.2960     920.4319      -0.9610       -0.1912       0.1997        258.75        78.48         5.3568        0.4928         938           4377         0.0068        0.4442        0.2178        0.1584        Set5
61435.5444    9552.2433     917.4912      -0.7075       -0.5114       0.4878        234.14        60.80         3.3431        0.5615         814           4407         0.0169        0.2840        0.3236        0.1584        Set5
61435.6637    9553.0717     918.2044      -0.9161       -0.3288       0.2295        250.25        76.73         3.8794        0.0704         1995          4414         0.0123        0.4502        0.4467        0.2592        Set5
61435.5715    9553.5188     917.9476      -0.8353       -0.5151       0.1920        238.34        78.93         4.4715        1.8413         503           4416         0.0113        0.1429        0.5480        0.1872        Set5
61435.5908    9554.0223     922.0305      -0.9648       -0.2536       0.0701        255.27        85.98         4.9104        0.1898         10650         4430         0.0155        1.0819        0.7899        0.9072        Set5
61435.5550    9554.8347     922.9759      0.9781        0.1211        0.1695        82.94         80.24         4.3024        0.6143         877           4443         0.0091        0.4040        0.2714        0.1584        Set5
61435.7917    9554.9302     921.2233      0.9543        0.2261        0.1957        76.67         78.71         4.7440        0.9514         19715         4446         0.0389        1.2936        1.5856        1.3824        Set5
61435.5526    9555.0637     922.3804      0.9708        0.2009        0.1312        78.31         82.46         4.6729        0.1126         1831          4447         0.0076        0.3798        0.3957        0.2160        Set5
61435.4955    9556.4529     922.5203      -0.9874       -0.1518       0.0455        261.26        87.39         4.7116        0.3175         1453          4469         0.0139        0.4919        0.6564        0.3312        Set5
61435.6174    9570.8978     927.5341      -0.9137       -0.2908       0.2839        252.35        73.51         5.2007        0.3248         517           4507         0.0099        0.4132        0.5544        0.3168        Set5
61435.5928    9571.8437     926.8956      -0.9274       -0.2736       0.2551        253.57        75.22         3.9702        0.7386         415           4512         0.0141        0.2774        0.5008        0.1584        Set5
61435.7239    9546.6365     918.4310      -0.7497       -0.3016       0.5890        248.09        53.91         5.3102        0.6373         294           4586         0.0065        0.2783        0.2657        0.1584        Set5
61435.7726    9548.6835     921.3758      -0.8168       -0.5767       0.0152        234.77        89.13         5.2852        0.7569         7936          4629         0.0230        1.1270        1.6119        1.1232        Set5
61435.7154    9549.4979     920.7826      0.9230        0.3556        0.1467        68.93         81.57         4.2483        0.3948         2058          4632         0.0096        0.4378        0.2891        0.1728        Set5
61435.6695    9549.8118     921.1442      -0.9677       -0.1913       0.1643        258.82        80.55         5.0048        0.1226         2887          4633         0.0095        0.5690        0.5704        0.4176        Set5
61435.6153    9550.1901     921.3063      -0.9182       -0.3349       0.2117        249.96        77.78         4.7333        0.4456         1226          4640         0.0075        0.2562        0.3618        0.1584        Set5
61435.6926    9551.5250     920.7979      -0.9637       -0.2665       0.0140        254.54        89.20         4.7273        0.2785         2780          4659         0.0135        0.5643        0.7612        0.3888        Set5
61435.6914    9553.8166     921.3778      0.9482        0.2301        0.2190        76.36         77.35         3.6214        0.1554         980           4700         0.0116        0.3088        0.4156        0.1728        Set5
61435.5717    9554.4811     922.5225      -0.9056       -0.3461       0.2450        249.08        75.82         3.9310        0.3245         762           4720         0.0069        0.3915        0.1604        0.1584        Set5
61435.7135    9549.2301     921.0186      0.9825        0.1162        0.1453        83.26         81.65         4.3673        0.3498         811           4901         0.0099        0.3852        0.2960        0.1584        Set5
61435.8199    9550.7760     921.4477      -0.8982       -0.4226       0.1213        244.80        83.04         5.1238        0.4498         2507          4928         0.0083        0.2642        0.5112        0.2160        Set5
61435.7826    9553.0240     919.4097      0.9745        0.2220        0.0314        77.17         88.20         4.3276        0.3219         1253          5025         0.0113        0.4956        0.3687        0.2304        Set5
61435.7940    9553.4431     920.9446      0.9407        0.2406        0.2390        75.66         76.17         5.1041        0.5278         1168          5044         0.0082        0.4375        0.2928        0.1872        Set5
61435.7668    9556.6071     923.9587      -0.8074       -0.2403       0.5388        253.43        57.39         4.7187        0.3132         425           5095         0.0123        0.6413        0.3336        0.3168        Set5
61435.7821    9572.2369     927.1643      0.9765        0.2028        0.0734        78.27         85.79         4.8267        0.0296         896           5117         0.0083        0.4306        0.5225        0.2736        Set5
61435.7762    9572.4274     927.5646      0.9683        0.2498        0.0046        75.53         89.74         4.6560        0.1870         436           5123         0.0076        0.3518        0.3255        0.1728        Set5
61435.7568    9573.6022     925.8581      0.8485        0.4380        0.2970        62.70         72.72         5.2775        3.5280         551           5136         0.0102        0.2416        0.6996        0.1872        Set5
61435.8157    9545.1931     916.7631      -0.9152       -0.2718       0.2976        253.46        72.69         4.7800        0.2791         640           5155         0.0101        0.5413        0.4041        0.2160        Set5
61435.8985    9548.4393     919.9254      -0.9293       -0.2686       0.2534        253.88        75.32         4.3476        0.3061         732           5177         0.0125        0.4527        0.5174        0.2448        Set5
61435.8714    9551.3793     921.8899      -0.9611       -0.2564       0.1024        255.06        84.12         3.6867        1.6843         654           5213         0.0152        0.3255        0.4120        0.2016        Set5
61435.8792    9552.6244     922.3651      -0.7906       -0.6091       0.0621        232.39        86.44         4.6400        0.1488         649           5241         0.0108        0.4822        0.5707        0.3024        Set5
61435.8621    9553.5353     919.6554      0.9628        0.2700        0.0139        74.34         89.20         4.2521        0.1110         2288          5303         0.0111        0.5482        0.5038        0.3312        Set5
61435.8834    9553.4990     922.8838      -0.9438       -0.2763       0.1815        253.68        79.55         5.9472        0.5042         985           5309         0.0103        0.7328        0.6418        0.4032        Set5
61436.0839    9542.8487     916.5651      -0.9215       -0.3092       0.2352        251.45        76.40         5.6638        0.0286         5279          5402         0.0137        1.1590        1.0252        1.4256        Set5
61436.0260    9543.4189     916.9357      -0.9133       -0.3370       0.2288        249.75        76.78         5.1478        0.2879         2006          5405         0.0124        0.5130        0.7650        0.4464        Set5
61435.9817    9544.8833     916.8308      -0.9180       -0.3917       0.0626        246.89        86.41         3.8450        0.0980         823           5411         0.0093        0.3344        0.3611        0.1584        Set5
61435.9562    9553.2873     920.1108      0.9677        0.2318        0.0994        76.53         84.30         4.1108        0.2125         1022          5508         0.0103        0.3021        0.4205        0.1728        Set5
61435.9463    9553.7690     920.4711      -0.9745       -0.1419       0.1739        261.71        79.99         4.7681        0.6722         899           5518         0.0120        0.5559        0.4028        0.2304        Set5
61436.0467    9540.8687     916.5444      -0.9685       -0.2388       0.0703        256.15        85.97         5.7870        0.2043         2430          5576         0.0114        1.0095        0.8480        0.7776        Set5
61436.0690    9545.7147     917.9689      -0.9155       -0.2692       0.2991        253.61        72.60         4.7334        1.0426         698           5608         0.0096        0.2244        0.5187        0.1728        Set5
61436.0421    9546.3355     918.4090      0.7626        0.6451        0.0467        49.77         87.32         5.0643        0.4772         728           5620         0.0095        0.3736        0.5051        0.2016        Set5
61436.1211    9548.3004     921.6683      -0.7326       -0.6769       0.0712        227.26        85.91         6.0291        0.4384         888           5650         0.0070        0.5246        0.6080        0.3024        Set5
61436.0719    9550.7336     922.0313      -0.8140       -0.5188       0.2612        237.49        74.86         5.2005        0.2339         2447          5673         0.0078        0.5766        0.4086        0.2880        Set5
61436.0258    9574.4186     924.9695      0.9335        0.1927        0.3022        78.33         72.41         5.5379        1.2934         1151          5734         0.0071        0.1591        0.5487        0.1872        Set5
61436.1619    9540.3067     916.3817      -0.9678       -0.2516       0.0045        255.43        89.74         5.5695        0.1870         445           5746         0.0060        0.4406        0.4671        0.1728        Set5
61436.1812    9541.1386     917.0279      -0.6696       -0.3242       0.6683        244.16        48.07         4.1141        0.1268         166           5753         0.0082        0.3179        0.1789        0.1584        Set5
61436.0926    9541.7788     916.3351      0.9443        0.2495        0.2143        75.20         77.62         4.4691        1.0136         286           5757         0.0124        0.2457        0.4817        0.1584        Set5
61436.2774    9544.6612     917.2218      -0.8669       -0.4550       0.2036        242.30        78.25         4.4092        0.2741         1248          5783         0.0149        0.6785        0.4668        0.3744        Set5
61436.2077    9545.9920     918.3503      -0.7946       -0.5105       0.3288        237.28        70.81         4.8312        0.5211         1566          5797         0.0125        0.4401        0.6295        0.3168        Set5
61436.2672    9539.2440     917.0307      0.9718        0.1097        0.2087        83.56         77.95         5.5642        1.0300         393           5874         0.0093        0.5388        0.5208        0.2304        Set5
61436.2455    9539.7500     916.3569      -0.8133       -0.4522       0.3662        240.92        68.52         4.6442        0.2274         1158          5880         0.0122        0.5988        0.4274        0.3312        Set5
61436.2386    9539.8591     916.8124      -0.9370       -0.3493       0.0016        249.55        89.91         4.7293        0.2500         432           5882         0.0074        0.3592        0.3922        0.1584        Set5
61436.2270    9541.8502     917.1456      -0.9636       -0.2197       0.1522        257.16        81.25         4.0915        0.2080         891           5907         0.0163        0.5141        0.6624        0.3888        Set5
61436.2755    9542.1285     916.5219      -0.9021       -0.3691       0.2234        247.75        77.09         4.5054        0.3657         240           5919         0.0106        0.3202        0.4446        0.2160        Set5
61436.2796    9542.3804     917.2793      -0.9230       -0.3789       0.0670        247.68        86.16         5.3507        0.5396         548           5920         0.0090        0.3549        0.6835        0.2736        Set5
61436.2604    9542.8734     917.4721      -0.9452       -0.2254       0.2364        256.59        76.33         5.2886        0.3978         1545          5922         0.0118        0.6653        0.6302        0.3600        Set5
61436.3880    9544.8926     918.1154      -0.8963       -0.3391       0.2858        249.28        73.40         5.6058        0.1424         4894          5943         0.0128        1.2054        0.9332        1.0368        Set5
61436.4672    9539.2640     917.5748      -0.7162       -0.6362       0.2869        228.39        73.33         6.8401        0.3851         1450          6011         0.0064        0.7488        0.9003        0.6480        Set5
61436.3576    9542.0051     917.4508      -0.6508       -0.3616       0.6676        240.94        48.12         5.6297        2.0330         189           6044         0.0091        0.7264        0.1128        0.2736        Set5
61436.2960    9543.9181     917.6573      -0.9539       -0.2584       0.1528        254.84        81.21         4.7427        0.4684         580           6063         0.0092        0.2922        0.4556        0.2016        Set5
61436.3791    9546.1145     918.8122      -0.7993       -0.3992       0.4493        243.46        63.30         5.2211        0.1245         231           6094         0.0066        0.3859        0.3779        0.2160        Set5
61436.3965    9546.8707     920.8920      -0.7150       -0.4480       0.5367        237.93        57.54         4.2722        0.7387         1045          6102         0.0157        0.6634        0.3656        0.3312        Set5
61436.3587    9576.2810     922.7450      0.9836        0.1687        0.0640        80.27         86.33         5.4144        0.4550         1640          6117         0.0069        0.3655        0.3900        0.1728        Set5
61436.5087    9549.8836     922.9623      -0.7300       -0.3876       0.5629        242.03        55.74         5.9150        0.4613         196           6220         0.0043        0.2455        0.3350        0.1584        Set5
61436.4951    9575.1070     925.1431      -0.9641       -0.2649       0.0162        254.63        89.07         3.5454        0.5406         1364          6228         0.0192        0.4221        0.4221        0.2160        Set5
61436.4641    9575.6279     925.2083      -0.9419       -0.2429       0.2319        255.54        76.59         3.6771        0.9005         601           6229         0.0178        0.4763        0.2808        0.2160        Set5
61436.5673    9540.8781     918.3212      0.9887        0.1491        0.0164        81.42         89.06         4.8325        0.4452         603           6266         0.0113        0.4276        0.5829        0.2160        Set5
61436.5395    9575.7009     924.7236      0.9676        0.2242        0.1163        76.95         83.32         6.3596        0.3028         1853          6351         0.0066        0.4112        0.7266        0.3456        Set5
61436.7494    9545.0509     919.0859      -0.9523       -0.2932       0.0840        252.89        85.18         4.5945        0.0923         3309          6445         0.0150        0.9487        0.7602        0.6192        Set5
61436.5870    9575.0751     925.4804      -0.8980       -0.2741       0.3442        253.02        69.87         5.0695        0.7574         558           6480         0.0077        0.3945        0.3096        0.1584        Set5
61436.6416    9575.3028     925.9793      -0.9628       -0.1966       0.1853        258.46        79.32         4.7506        1.0293         1826          6491         0.0159        0.3035        0.7671        0.3600        Set5
61436.9231    9538.7104     917.4309      -0.7598       -0.5737       0.3059        232.94        72.19         5.4276        0.2329         3163          6529         0.0138        0.9092        0.8975        0.8640        Set5
61436.8588    9541.7611     918.8281      -0.8116       -0.3692       0.4527        245.54        63.09         5.6488        0.2616         1387          6542         0.0088        0.5326        0.7922        0.5328        Set5
61436.7801    9543.9631     918.5993      -0.8962       -0.1950       0.3984        257.73        66.52         5.3031        0.1241         375           6555         0.0071        0.4367        0.3793        0.2016        Set5
61436.8158    9547.5405     921.8612      -0.6797       -0.4051       0.6115        239.20        52.30         4.6030        0.3035         634           6575         0.0162        0.8389        0.3969        0.4608        Set5
61436.8918    9544.6746     920.0314      0.9651        0.2616        0.0098        74.83         89.44         3.8427        0.3038         1495          6640         0.0172        0.4215        0.5695        0.2592        Set5
61436.8925    9545.2566     920.2744      0.8446        0.5012        0.1885        59.32         79.14         4.8015        0.4412         1231          6648         0.0150        0.6422        0.8232        0.4320        Set5
61436.9667    9546.1261     921.0883      -0.8875       -0.3388       0.3123        249.11        71.80         3.6519        2.0981         582           6659         0.0224        0.5874        0.2913        0.2592        Set5
61436.9856    9536.1094     915.7566      -0.9535       -0.2092       0.2169        257.62        77.47         5.2728        0.1663         1384          6680         0.0074        0.3801        0.4487        0.2016        Set5
61436.9271    9536.3911     915.7458      -0.9054       -0.3006       0.2997        251.63        72.56         4.7909        0.3922         885           6682         0.0073        0.3351        0.3664        0.1728        Set5
61436.9628    9541.1540     918.9952      -0.8855       -0.3175       0.3393        250.27        70.16         5.7352        0.1411         357           6718         0.0053        0.3988        0.3170        0.2160        Set5
61437.0635    9542.8975     919.4169      -0.9426       -0.2727       0.1928        253.87        78.89         4.7389        0.4064         2165          6724         0.0219        1.0275        0.9973        0.8064        Set5
61436.9496    9543.7298     919.6352      -0.9548       -0.2907       0.0619        253.07        86.45         5.9021        0.4935         2388          6734         0.0094        0.5676        0.8373        0.5040        Set5
61437.1112    9538.2833     916.9943      -0.9220       -0.3774       0.0869        247.74        85.01         4.5610        1.5032         1428          6825         0.0265        0.5756        1.0487        0.5760        Set5
61437.2817    9538.1795     918.9060      -0.7309       -0.6785       0.0736        227.13        85.78         5.7779        0.5391         3829          6829         0.0149        0.5651        1.4553        0.8928        Set5
61437.0761    9542.4089     921.1652      -0.9436       -0.3287       0.0382        250.79        87.81         4.0239        0.3886         1318          6867         0.0167        0.4290        0.7054        0.3456        Set5
61437.0598    9542.7697     920.5050      -0.9749       -0.2226       0.0078        257.14        89.55         4.6071        0.3997         2273          6870         0.0213        0.5930        0.9664        0.6192        Set5
61437.0396    9547.2067     922.4236      -0.9298       -0.3307       0.1614        250.42        80.71         5.4727        0.5365         366           6918         0.0064        0.5148        0.2286        0.2304        Set5
61437.3731    9534.0784     915.6213      -0.8268       -0.4200       0.3740        243.07        68.03         4.4889        0.4225         16958         6931         0.0328        1.8670        0.9467        1.8000        Set5
61437.1285    9535.0723     915.8219      0.9687        0.2453        0.0378        75.79         87.83         4.7510        0.4903         2182          6933         0.0119        0.4540        0.5788        0.3024        Set5
61437.1738    9538.0214     916.3112      -0.9670       -0.2067       0.1487        257.93        81.45         5.5423        0.5186         989           6956         0.0124        0.4298        0.8563        0.4896        Set5
61437.2514    9543.7277     921.0061      0.9047        0.3022        0.3002        71.53         72.53         4.8491        1.6257         812           7017         0.0200        0.6847        0.7729        0.3456        Set5
61437.1303    9544.9747     921.1409      0.9585        0.2699        0.0915        74.28         84.75         4.6071        0.3287         1118          7020         0.0099        0.4398        0.4589        0.2160        Set5
61437.4490    9536.1453     916.4806      -0.8012       -0.3661       0.4733        245.45        61.75         4.3343        0.0904         2418          7071         0.0109        0.6090        0.4463        0.3168        Set5
61437.2128    9537.4304     916.4036      -0.8121       -0.5834       0.0095        234.30        89.45         5.5972        0.5735         622           7076         0.0054        0.1926        0.4490        0.1584        Set5
61437.2859    9537.8320     917.1654      0.9538        0.1884        0.2341        78.83         76.46         5.3703        0.0936         696           7088         0.0065        0.5374        0.4679        0.2880        Set5
61437.2676    9540.7315     920.0467      0.9256        0.2087        0.3158        77.29         71.59         4.0632        0.1900         702           7108         0.0079        0.3397        0.3744        0.1728        Set5
61437.2312    9541.4739     920.3081      0.9240        0.3502        0.1536        69.24         81.16         4.4808        0.7301         1672          7109         0.0181        0.4152        0.8066        0.4176        Set5
61437.3917    9536.9510     917.1896      -0.8321       -0.4228       0.3588        243.06        68.97         5.2570        0.4361         823           7197         0.0095        0.6994        0.3423        0.2448        Set5
61437.3859    9541.9267     920.8051      -0.9343       -0.3174       0.1621        251.24        80.67         4.4084        0.4072         647           7247         0.0109        0.5465        0.2904        0.2304        Set5
61437.5511    9536.4691     916.9303      -0.9511       -0.3059       0.0417        252.17        87.61         5.5083        0.6406         1848          7299         0.0114        0.9166        0.4022        0.4176        Set5
61437.7724    9537.4661     918.7339      -0.9064       -0.4215       0.0272        245.06        88.44         4.0731        0.0658         16397         7321         0.0405        1.4332        1.5782        2.2896        Set5
61438.0376    9533.4178     917.2530      -0.7688       -0.6311       0.1032        230.62        84.08         5.3193        0.1762         23594         7386         0.0200        1.5605        1.3429        1.6992        Set5
61437.6241    9539.2449     919.8274      0.9686        0.2424        0.0556        75.95         86.81         5.4958        0.0774         2823          7424         0.0122        0.8336        0.9413        0.8928        Set5
61437.6662    9533.2650     915.2400      -0.6669       -0.2520       0.7012        249.30        45.47         5.2791        0.9465         647           7464         0.0077        0.4117        0.2406        0.1584        Set5
61438.2133    9536.2706     918.2171      -0.7229       -0.6747       0.1486        226.97        81.45         5.9289        0.0840         21273         7492         0.0178        1.5872        1.8879        2.6640        Set5
61437.5905    9540.5966     920.3047      -0.8504       -0.3301       0.4096        248.78        65.82         5.5423        0.3116         279           7534         0.0068        0.4756        0.3420        0.2448        Set5
61437.6977    9541.3502     921.0376      -0.9450       -0.2997       0.1310        252.40        82.47         5.4050        0.3635         816           7542         0.0092        0.5057        0.5344        0.3600        Set5
61437.6528    9544.4502     921.8196      0.9245        0.3724        0.0810        68.06         85.35         4.9465        0.3088         1418          7548         0.0115        0.5989        0.6094        0.4464        Set5
61437.7712    9539.2246     920.6356      0.9612        0.2681        0.0644        74.42         86.31         4.5243        0.4269         319           7629         0.0076        0.4004        0.2451        0.1584        Set5
61437.8935    9532.7407     915.0970      -0.6619       -0.4264       0.6165        237.21        51.94         4.6793        0.4353         578           7695         0.0075        0.4171        0.1725        0.1584        Set5
61437.9728    9539.1016     920.8439      -0.8765       -0.4523       0.1650        242.70        80.50         5.4398        1.6067         587           7756         0.0129        0.9446        0.2392        0.4032        Set5
61437.8083    9539.9353     920.8330      0.9455        0.3109        0.0963        71.80         84.47         5.1018        0.4981         653           7760         0.0093        0.5163        0.5193        0.2592        Set5
61438.0641    9533.1862     915.5351      -0.8125       -0.4326       0.3907        241.97        67.00         4.8849        1.4338         3879          7804         0.0240        1.3629        0.3440        0.7056        Set5
61437.9924    9533.3417     916.0673      -0.7267       -0.6735       0.1353        227.18        82.22         4.9062        0.4391         949           7806         0.0077        0.3246        0.3784        0.1584        Set5
61438.0645    9532.8299     916.2419      0.8297        0.5568        0.0388        56.14         87.77         4.6601        0.5077         1082          7867         0.0078        0.3545        0.3567        0.1728        Set5
61438.1055    9532.8155     916.7070      -0.8877       -0.4295       0.1656        244.18        80.47         5.2036        0.7553         678           7906         0.0079        0.2599        0.5475        0.2016        Set5
61438.2186    9538.7187     921.0000      0.9749        0.2177        0.0460        77.41         87.36         5.7931        0.2385         1281          7933         0.0080        0.7084        0.4267        0.4752        Set5
61438.3183    9532.5903     915.5885      0.7678        0.5977        0.2308        52.10         76.65         4.4720        1.0722         553           7943         0.0104        0.4362        0.1865        0.1584        Set5
61438.2976    9535.1459     917.7127      -0.9216       -0.3256       0.2112        250.54        77.81         4.7277        0.1249         2359          7960         0.0092        0.4851        0.4738        0.2736        Set5
61438.2764    9537.6489     919.6729      0.6833        0.6827        0.2589        45.03         75.00         3.2598        0.4731         865           7967         0.0159        0.3838        0.2694        0.1728        Set5
61438.3152    9538.3335     920.8183      0.9581        0.2845        0.0335        73.46         88.08         4.5314        0.2410         555           8023         0.0083        0.2803        0.3694        0.1728        Set5
61438.7178    9532.1911     916.3925      -0.8065       -0.5910       0.0182        233.77        88.95         5.5045        0.3189         16961         8036         0.0215        1.3163        1.6630        1.7712        Set5
61438.4199    9538.0770     921.1094      0.9777        0.1397        0.1571        81.87         80.96         5.3915        0.1794         997           8072         0.0082        0.5888        0.4216        0.3312        Set5
61438.6148    9532.4035     915.3204      -0.7492       -0.4971       0.4377        236.44        64.04         4.1567        0.3502         830           8088         0.0102        0.5058        0.2605        0.2016        Set5
61438.5869    9535.9441     918.9830      -0.9720       -0.2067       0.1117        257.99        83.59         4.1200        0.1099         1441          8114         0.0126        0.3895        0.4589        0.2160        Set5
61438.6346    9536.9127     920.4269      0.9683        0.2457        0.0463        75.76         87.35         6.2631        0.5010         6079          8120         0.0117        0.6218        1.3150        0.9792        Set5
61438.5563    9537.5703     920.7871      0.9359        0.1190        0.3314        82.75         70.64         5.2441        0.0990         678           8122         0.0059        0.4002        0.3504        0.2016        Set5
61438.6848    9531.9845     915.0114      -0.7551       -0.6316       0.1757        230.09        79.88         5.0121        1.4365         898           8137         0.0116        0.6393        0.2490        0.2448        Set5
61438.7517    9535.8213     920.2002      0.9753        0.2083        0.0735        77.94         85.78         7.3271        0.5402         9801          8171         0.0103        1.6635        1.3213        1.2816        Set5
61438.7421    9536.3836     919.8215      0.9696        0.1957        0.1465        78.59         81.57         5.5973        0.1915         3039          8233         0.0087        0.6112        0.8117        0.4608        Set5
61438.8429    9536.6726     921.2186      -0.9361       -0.2150       0.2782        257.06        73.85         4.8022        0.9158         1414          8247         0.0158        0.9594        0.3141        0.4176        Set5
61438.7254    9537.8157     920.4933      0.9506        0.3096        0.0249        71.96         88.57         4.9753        0.2167         1039          8254         0.0074        0.4556        0.3679        0.2160        Set5
61438.8043    9535.1168     920.3247      0.9781        0.1934        0.0763        78.81         85.62         6.4601        0.4568         3314          8282         0.0083        0.6608        0.9378        0.5472        Set5
61438.9917    9534.7061     920.8082      -0.8033       -0.4990       0.3251        238.15        71.03         4.7482        0.4154         1178          8347         0.0074        0.3911        0.2529        0.1584        Set5
61439.1297    9531.6237     916.1449      -0.9290       -0.2961       0.2220        252.32        77.17         5.4029        0.1746         4556          8380         0.0109        0.7326        0.7020        0.6192        Set5
61439.2939    9532.6482     917.6068      0.8588        0.4993        0.1150        59.83         83.40         5.2742        0.8955         2650          8417         0.0112        0.9581        0.2708        0.3744        Set5
61439.7091    9530.9643     916.0347      0.9511        0.3069        0.0346        72.12         88.02         4.0156        0.7287         1872          8582         0.0140        0.5820        0.3482        0.2304        Set5
61439.6875    9532.2008     917.4053      0.7712        0.6362        0.0204        50.48         88.83         4.2377        0.9755         965           8586         0.0127        0.5389        0.3084        0.2160        Set5
61439.8635    9532.2348     917.6599      0.6947        0.2884        0.6589        67.45         48.78         5.0538        0.0688         1212          8611         0.0070        0.4038        0.3375        0.2160        Set5
61440.0409    9530.6655     915.9556      0.7635        0.6308        0.1381        50.44         82.06         5.2886        0.1457         4959          8620         0.0079        0.5494        0.5417        0.3312        Set5
61440.0507    9531.8234     917.1639      0.9162        0.3706        0.1528        67.98         81.21         4.1949        0.7303         1671          8634         0.0135        0.5958        0.2947        0.2592        Set5
61440.0856    9531.9865     918.3047      -0.6144       -0.7876       0.0470        217.96        87.30         3.3902        1.2821         1104          8654         0.0223        0.3378        0.4899        0.1584        Set5
61440.0660    9531.9407     919.0851      -0.8630       -0.4867       0.1357        240.58        82.20         4.6723        1.2281         1227          8655         0.0145        0.2859        0.7029        0.2592        Set5
61440.2323    9531.0726     916.4699      -0.6552       -0.2875       0.6986        246.31        45.69         5.7149        1.5635         2949          8664         0.0131        1.1688        0.2068        0.5760        Set5
61440.2184    9532.0491     917.6834      0.7053        0.6876        0.1725        45.73         80.07         4.8498        0.5094         1803          8694         0.0106        0.2998        0.5525        0.2736        Set5
61440.2885    9533.3870     920.2529      0.9494        0.2990        0.0963        72.52         84.48         5.4301        0.5687         2927          8709         0.0131        0.9469        0.9678        0.7200        Set5
61440.3548    9534.7559     919.5993      0.9213        0.3779        0.0915        67.70         84.75         5.0043        0.9816         6105          8731         0.0319        1.2037        1.7418        1.3248        Set5
61440.3411    9530.4356     915.8830      -0.8429       -0.5309       0.0877        237.79        84.97         4.3622        1.1500         1893          8738         0.0110        0.2185        0.5203        0.2016        Set5
61440.4084    9530.4921     915.1943      0.7477        0.6458        0.1545        49.18         81.11         6.0657        1.0500         3195          8739         0.0086        0.5375        0.7312        0.3168        Set5
61440.4727    9531.6692     918.9118      -0.7286       -0.6849       0.0066        226.77        89.62         5.1837        0.4751         1179          8748         0.0085        0.4814        0.4830        0.1728        Set5
61440.3876    9532.7269     920.1859      0.8426        0.5376        0.0333        57.46         88.09         4.6153        0.0501         2673          8758         0.0092        0.5194        0.4302        0.3024        Set5
61440.4034    9534.4714     918.7838      -0.8841       -0.3726       0.2820        247.15        73.62         4.4729        0.2297         1199          8789         0.0114        0.5323        0.4239        0.2736        Set5
61440.4975    9531.0470     916.6472      -0.8273       -0.4000       0.3943        244.20        66.77         4.9247        0.9410         2006          8808         0.0110        0.8236        0.2354        0.3312        Set5
61440.4808    9532.0312     919.5424      -0.8422       -0.5240       0.1270        238.11        82.71         5.0308        0.7678         1172          8817         0.0067        0.4270        0.1681        0.1584        Set5
61440.4046    9533.5137     919.6485      0.9547        0.1909        0.2283        78.69         76.80         5.1316        0.3108         742           8833         0.0061        0.3807        0.2668        0.1728        Set5
61440.4897    9533.8738     919.4423      -0.9079       -0.3671       0.2024        247.98        78.32         5.2147        0.9534         1819          8841         0.0159        0.9387        0.5132        0.4752        Set5
61440.7125    9531.7457     918.0145      -0.9720       -0.2186       0.0866        257.32        85.03         5.9893        1.0323         675           8937         0.0062        0.1442        0.5916        0.1728        Set5
61441.1557    9530.0610     915.0937      -0.8832       -0.4234       0.2015        244.39        78.38         4.0568        0.3091         11841         8955         0.0277        1.1060        0.8449        0.9648        Set5
61441.2268    9531.3140     918.1076      0.9167        0.3947        0.0629        66.70         86.39         3.4724        0.5556         761           8991         0.0138        0.3070        0.3951        0.1584        Set5
61441.2932    9531.2429     918.6466      -0.9708       -0.2162       0.1042        257.44        84.02         5.7895        0.2333         2622          8994         0.0086        0.6105        0.5872        0.3888        Set5
61441.2257    9531.6532     918.7541      -0.9651       -0.2415       0.1009        255.95        84.21         4.8769        0.7671         390           8999         0.0063        0.3025        0.3648        0.1584        Set5
61441.3387    9531.5813     917.6688      0.9345        0.1928        0.2991        78.34         72.60         4.7019        1.4630         757           9022         0.0089        0.4431        0.3096        0.1584        Set5
61441.7549    9531.6594     919.2822      0.8200        0.5573        0.1305        55.80         82.50         5.9043        1.3303         11671         9029         0.0239        2.1601        0.6590        1.4256        Set5
61441.8394    9530.6490     916.2649      -0.8606       -0.5019       0.0861        239.75        85.06         6.8261        0.6794         13175         9082         0.0103        1.4966        0.6106        0.9648        Set5
61441.6866    9531.9533     920.0926      -0.8337       -0.5454       0.0863        236.81        85.05         4.4099        1.2125         1374          9091         0.0168        0.7884        0.2797        0.3024        Set5
61442.0138    9531.3115     917.2794      0.7838        0.6088        0.1226        52.16         82.96         4.9025        1.6196         527           9147         0.0097        0.1414        0.5049        0.1728        Set5
61442.1146    9531.2947     919.2372      0.8764        0.4746        0.0819        61.56         85.30         4.9960        0.7839         1122          9149         0.0074        0.4020        0.3465        0.1584        Set5
61442.4426    9530.4838     917.4475      0.9931        0.0999        0.0608        84.25         86.52         4.3238        0.6756         14780         9197         0.0507        1.4786        1.7485        1.6560        Set5
61442.3956    9530.9625     917.5565      0.7973        0.5223        0.3026        56.77         72.39         5.2849        2.0779         990           9219         0.0097        0.1783        0.6419        0.2016        Set5
61442.6338    9530.0292     916.5869      0.8474        0.3064        0.4335        70.12         64.31         4.8102        1.0226         1409          9239         0.0085        0.3670        0.4124        0.2016        Set5
61442.9072    9530.1510     916.0281      -0.8751       -0.4730       0.1019        241.61        84.15         4.3734        0.7396         1802          9287         0.0127        0.5266        0.4332        0.2592        Set5
61443.5218    9530.5861     918.5610      0.8903        0.3632        0.2747        67.81         74.05         3.8999        0.4698         3503          9337         0.0235        0.6681        0.7091        0.5328        Set5
61443.5562    9530.2807     916.9152      0.9569        0.2738        0.0969        74.03         84.44         5.2758        0.1955         2606          9344         0.0102        0.6823        0.6396        0.3888        Set5
61443.8038    9530.0752     916.0748      0.8967        0.2366        0.3742        75.22         68.03         4.7154        0.6775         826           9376         0.0086        0.4762        0.2553        0.1584        Set5
61443.7317    9530.5537     917.4561      -0.8269       -0.5246       0.2025        237.61        78.32         4.7307        0.5005         945           9378         0.0096        0.4562        0.3637        0.2448        Set5
61443.8729    9529.9108     917.2414      0.9669        0.1420        0.2122        81.64         77.75         5.2673        0.1341         1851          9383         0.0091        0.5461        0.4428        0.3312        Set5
61446.1661    9530.8731     916.0353      0.8979        0.3315        0.2896        69.74         73.17         5.2875        0.3531         671           9580         0.0077        0.5481        0.4046        0.3168        Set5
61451.6977    9532.0480     914.9273      0.6947        0.5923        0.4082        49.55         65.91         4.9324        0.0676         696           9658         0.0071        0.4255        0.3971        0.2304        Set5
61453.9702    9533.5722     915.6039      0.6976        0.6048        0.3842        49.08         67.41         6.6454        0.3707         3691          9701         0.0078        0.9707        0.5973        0.6336        Set5
61455.8476    9534.9353     916.3728      0.8035        0.5902        0.0780        53.70         85.53         4.9130        0.4302         894           9754         0.0121        0.6350        0.6018        0.3744        Set5
61457.2935    9535.1874     914.6984      0.8587        0.1558        0.4881        79.71         60.78         4.0589        0.3589         229           9804         0.0098        0.2386        0.2908        0.1584        Set5
61457.7706    9536.9595     916.1500      -0.9788       -0.1994       0.0468        258.49        87.32         5.1470        0.9263         2204          9828         0.0154        0.7315        0.6270        0.4032        Set5
61458.4096    9535.4591     913.9720      0.8477        0.3051        0.4339        70.20         64.29         5.3024        0.4135         1381          9888         0.0069        0.4657        0.2041        0.1728        Set5
61458.9836    9536.5476     914.5604      0.9632        0.1654        0.2117        80.25         77.78         4.9142        0.2241         1256          9930         0.0074        0.3661        0.3213        0.1584        Set5
61460.6788    9537.2777     913.9911      0.8461        0.3505        0.4017        67.50         66.32         4.4095        0.0898         1771          9978         0.0118        0.5321        0.4341        0.3456        Set5
61460.9107    9536.8347     912.8930      0.9287        0.3086        0.2058        71.62         78.13         5.7073        0.4629         1834          9991         0.0073        0.5259        0.5883        0.2736        Set5
61461.9969    9538.0819     913.1306      0.8665        0.4930        0.0778        60.36         85.54         6.6702        0.6946         934           10022        0.0067        0.7312        0.5772        0.4032        Set5
61465.6132    9541.9421     913.3936      0.8269        0.5476        0.1277        56.49         82.66         5.3693        0.6014         1177          10113        0.0133        0.7295        0.7939        0.5616        Set5
61466.1797    9542.8045     913.7216      0.8351        0.5432        0.0861        56.96         85.06         5.5269        0.3411         574           10167        0.0057        0.4202        0.3252        0.1584        Set5
61466.2876    9543.0182     913.3439      -0.8308       -0.5559       0.0265        236.21        88.48         3.9336        0.2080         1614          10169        0.0166        0.6516        0.4641        0.4032        Set5
61467.0398    9544.1750     913.4791      0.9739        0.2194        0.0581        77.31         86.67         6.1696        0.2019         3128          10195        0.0096        0.9831        0.8338        0.7200        Set5
61467.5252    9543.0303     912.2255      0.9478        0.2733        0.1643        73.91         80.54         5.3261        0.8925         489           10231        0.0067        0.4900        0.1516        0.1584        Set5
61468.9191    9545.7029     913.3100      -0.9804       -0.1797       0.0802        259.61        85.40         4.0175        0.3374         849           10302        0.0118        0.4387        0.2913        0.1728        Set5
61469.6284    9546.9481     914.4711      0.9633        0.2483        0.1017        75.54         84.16         5.2631        0.0322         4732          10320        0.0129        0.9635        0.9571        0.9792        Set5
61469.5316    9547.5501     914.2737      -0.9520       -0.3057       0.0154        252.20        89.12         5.5002        0.2417         1700          10325        0.0081        0.6663        0.4861        0.3744        Set5
61469.9032    9547.0275     913.3467      0.9381        0.2917        0.1868        72.73         79.23         3.1035        0.6605         983           10366        0.0166        0.2255        0.3695        0.1584        Set5
61470.4759    9548.2365     913.7120      -0.9217       -0.3860       0.0392        247.28        87.75         5.2995        0.4666         674           10383        0.0054        0.3241        0.3208        0.1584        Set5
61471.6700    9547.7748     912.5262      0.8484        0.5226        0.0844        58.37         85.16         6.8730        0.4481         9665          10410        0.0075        1.0776        0.9611        0.7344        Set5
61472.2909    9549.4029     914.1370      -0.9606       -0.2773       0.0197        253.90        88.87         6.5150        0.2847         3348          10436        0.0068        0.8601        0.5593        0.5760        Set5
61472.6044    9550.3226     914.3987      -0.9402       -0.3348       0.0629        250.40        86.39         4.8611        0.4947         948           10473        0.0095        0.4780        0.4069        0.2448        Set5
61472.8362    9550.9010     914.4572      -0.8805       -0.4643       0.0955        242.19        84.52         6.1522        0.1288         364           10489        0.0033        0.3430        0.3488        0.1584        Set5
61473.7460    9549.2329     911.1545      -0.8533       -0.5052       0.1288        239.37        82.60         6.6004        0.3472         1944          10511        0.0042        0.5591        0.3110        0.2736        Set5
61476.0122    9553.4618     912.3046      0.8273        0.5415        0.1496        56.79         81.40         5.2300        0.5464         1460          10570        0.0153        0.8272        1.0143        0.5904        Set5
61476.3392    9552.7899     911.8973      0.8434        0.4736        0.2539        60.69         75.29         5.0989        0.4699         2250          10585        0.0210        0.8921        1.1281        0.8784        Set5
61476.2485    9553.2435     911.6097      0.8602        0.4260        0.2805        63.66         73.71         4.9057        0.4166         468           10600        0.0087        0.3583        0.4031        0.2016        Set5
61476.6475    9554.1963     912.4576      0.9563        0.2881        0.0489        73.23         87.20         5.0604        0.2886         434           10643        0.0067        0.3681        0.3484        0.1728        Set5
61478.8797    9557.1857     912.1291      0.7880        0.4650        0.4035        59.46         66.20         5.0292        1.4800         254           10694        0.0121        0.5716        0.2909        0.2304        Set5
61478.8217    9557.1741     912.4342      0.7155        0.6620        0.2234        47.22         77.09         5.3528        0.3793         303           10704        0.0059        0.2957        0.4596        0.2016        Set5
61479.6614    9556.1694     911.0474      0.9046        0.3296        0.2703        69.98         74.32         4.2716        1.1642         1923          10749        0.0255        0.8101        0.7725        0.5472        Set5
61479.6118    9556.5979     911.1022      0.8974        0.2392        0.3707        75.07         68.24         4.1382        0.5353         476           10769        0.0119        0.2861        0.4321        0.1728        Set5
61479.7394    9556.4415     910.7979      0.9306        0.2369        0.2789        75.72         73.80         4.3171        0.1823         892           10785        0.0113        0.3943        0.4597        0.2592        Set5
61479.8693    9557.8534     912.4891      -0.9551       -0.2959       0.0123        252.79        89.30         4.7073        1.0897         399           10800        0.0146        0.2649        0.6874        0.2592        Set5
61480.0892    9558.3677     913.3273      0.8902        0.4390        0.1221        63.75         82.99         5.7663        0.4560         599           10825        0.0058        0.4739        0.2337        0.1728        Set5
61480.3777    9558.2731     912.4420      -0.9803       -0.1768       0.0880        259.78        84.95         5.3823        0.7086         430           10837        0.0078        0.3659        0.3917        0.1728        Set5
61480.7499    9559.5280     913.4426      -0.8924       -0.3880       0.2304        246.50        76.68         4.8309        0.4469         1165          10861        0.0067        0.3886        0.2691        0.1584        Set5
61481.7257    9560.1147     912.5758      0.8288        0.4568        0.3232        61.14         71.14         4.9228        0.0855         1827          10927        0.0076        0.4168        0.4598        0.2304        Set5
61483.9866    9562.0446     912.6468      -0.8326       -0.5257       0.1747        237.73        79.94         5.1895        0.1448         3528          10993        0.0103        0.7449        0.5232        0.4896        Set5
61486.1520    9563.7034     912.4062      0.8128        0.5709        0.1161        54.92         83.33         5.4782        0.6514         462           11096        0.0064        0.4968        0.1952        0.1728        Set5
61486.6887    9563.7830     911.3567      0.8100        0.5733        0.1231        54.71         82.93         5.5626        0.5240         561           11116        0.0070        0.4869        0.3064        0.2160        Set5
61487.1175    9563.3175     911.0172      0.8308        0.5565        0.0076        56.18         89.56         5.7123        0.7514         621           11128        0.0072        0.6456        0.2273        0.2592        Set5
61487.9362    9564.4698     911.7583      0.7873        0.5952        0.1608        52.91         80.75         5.1258        0.4387         397           11138        0.0065        0.2860        0.3803        0.1584        Set5
61497.2045    9571.6145     909.9049      -0.7812       -0.6223       0.0501        231.46        87.13         4.8796        0.1500         1239          11271        0.0075        0.4340        0.3516        0.2304        Set5
61498.6807    9572.6222     910.7080      -0.7763       -0.2176       0.5916        254.34        53.73         5.7989        0.6790         507           11313        0.0078        0.3118        0.4695        0.2304        Set5
61502.5620    9575.5689     910.9652      -0.7639       -0.6430       0.0560        229.91        86.79         5.0969        1.1454         323           11382        0.0086        0.5701        0.1629        0.1872        Set5
61504.5358    9577.1976     910.9131      0.9440        0.1715        0.2821        79.70         73.62         6.4664        2.2559         224           11424        0.0072        0.7246        0.1040        0.2016        Set5
61511.1246    9582.8355     908.9846      0.7737        0.5820        0.2503        53.05         75.50         5.2191        0.3234         1840          11524        0.0117        0.9998        0.6675        0.6480        Set5
61511.2577    9582.3709     908.8558      0.8985        0.2326        0.3723        75.48         68.15         5.4312        0.7558         2399          11532        0.0105        0.3924        0.6293        0.3600        Set5
61511.5331    9582.5094     908.0869      -0.7683       -0.6198       0.1597        231.11        80.81         6.3557        0.3350         833           11542        0.0054        0.5382        0.3243        0.2736        Set5
61513.7355    9585.0194     909.7266      0.9443        0.3164        0.0901        71.48         84.83         5.4477        0.2612         206           11616        0.0054        0.3375        0.2790        0.1584        Set5
61525.8838    9599.8697     908.8049      -0.7271       -0.6508       0.2187        228.17        77.37         6.3099        0.1675         1946          11869        0.0122        1.4673        0.9259        1.5696        Set5
61528.1321    9598.5344     908.4467      -0.8412       -0.5232       0.1369        238.12        82.13         4.9465        0.7528         524           12033        0.0093        0.4390        0.3299        0.1584        Set5
61528.5351    9598.6056     908.6737      -0.8602       -0.4528       0.2347        242.24        76.42         5.4758        1.3443         560           12045        0.0106        0.6829        0.2074        0.2880        Set5
61529.2139    9598.3415     908.3108      -0.9300       -0.3563       0.0902        249.04        84.82         5.1822        0.1296         2333          12052        0.0116        0.8036        0.5260        0.6336        Set5
61529.4164    9599.0047     907.9021      -0.9149       -0.3965       0.0753        246.57        85.68         4.1039        0.1662         515           12091        0.0095        0.4033        0.2841        0.1728        Set5
61529.6204    9598.7102     907.6799      -0.7283       -0.6132       0.3060        229.90        72.18         4.2830        0.4143         379           12111        0.0121        0.5060        0.2851        0.2016        Set5
61531.3061    9597.3897     906.5702      -0.8061       -0.4690       0.3610        239.81        68.84         4.3731        0.6597         352           12246        0.0088        0.4141        0.1689        0.1584        Set5
61531.8766    9597.3998     907.0014      -0.6859       -0.4481       0.5733        236.84        55.02         4.0681        1.2599         215           12292        0.0105        0.3557        0.1779        0.1584        Set5
61532.9304    9598.7354     908.0334      0.7470        0.5668        0.3475        52.81         69.67         4.0596        0.9352         472           12341        0.0152        0.5552        0.2772        0.2016        Set5
61535.1767    9598.9986     908.1682      -0.7878       -0.6117       0.0722        232.17        85.86         4.5999        0.3487         274           12419        0.0081        0.3928        0.3090        0.2160        Set5
61535.2963    9598.7770     907.6719      -0.7577       -0.6391       0.1317        229.85        82.43         5.8629        0.3128         410           12422        0.0070        0.4575        0.6939        0.3600        Set5
61535.5115    9598.3765     906.9182      -0.7317       -0.6461       0.2173        228.56        77.45         5.6773        1.2462         237           12440        0.0085        0.5856        0.3455        0.2016        Set5
61538.8094    9598.9279     907.3557      -0.8085       -0.5826       0.0824        234.22        85.27         6.9228        0.6121         3788          12538        0.0177        2.5641        1.2448        2.4768        Set5
61538.6091    9599.2198     908.2718      0.8759        0.4783        0.0629        61.36         86.39         5.5235        0.3995         260           12557        0.0074        0.4997        0.2734        0.2160        Set5
61539.1463    9598.1301     905.9635      -0.8049       -0.5781       0.1337        234.31        82.32         6.5304        0.7450         320           12625        0.0078        0.8927        0.4491        0.3888        Set5
61539.2621    9598.8729     907.9570      0.9208        0.3897        0.0131        67.06         89.25         5.2738        0.3599         271           12658        0.0078        0.4982        0.2801        0.2160        Set5
61541.7189    9599.3894     907.5965      -0.8182       -0.5681       0.0884        235.23        84.93         5.7061        0.1657         144           12701        0.0057        0.4314        0.4494        0.2304        Set5
61541.9514    9599.1458     907.4418      0.8053        0.5913        0.0431        53.71         87.53         5.3749        0.5126         146           12711        0.0068        0.2701        0.5117        0.1584        Set5
61542.2915    9598.9506     906.2274      0.8489        0.5285        0.0122        58.10         89.30         5.7305        0.2748         217           12728        0.0060        0.3224        0.4872        0.2160        Set5
61542.4938    9598.6801     905.9167      -0.8265       -0.5608       0.0486        235.84        87.22         5.7057        0.1197         337           12739        0.0074        0.5496        0.5876        0.3888        Set5
61542.8185    9598.7077     906.9140      0.8501        0.5176        0.0968        58.67         84.45         4.9448        0.4547         248           12774        0.0108        0.4270        0.5321        0.2448        Set5
61545.8105    9598.9526     906.7995      0.8522        0.5202        0.0561        58.60         86.79         6.1435        0.3042         236           12842        0.0063        0.5052        0.5210        0.3312        Set5
61547.2432    9599.0587     906.2358      -0.9023       -0.4311       0.0075        244.46        89.57         5.5772        0.1535         292           12893        0.0066        0.4817        0.4037        0.2736        Set5
61550.7868    9599.6008     906.7919      0.7810        0.6240        0.0253        51.38         88.55         6.4193        0.5026         101           13024        0.0055        0.2466        0.5598        0.2016        Set5
61552.1586    9599.6736     906.6301      0.9100        0.3892        0.1431        66.84         81.78         5.9273        0.3361         168           13092        0.0064        0.6041        0.3877        0.3312        Set5
